1 9.9
4 0.16304000000000052
3 0.16304000000000052
1 0.16304000000000052
2 0.16304000000000052
1 0.32607999999999926
4 0.16304000000000052
3 0.16304000000000052
1 0.16304000000000052
2 0.16304000000000052
1 0.9782399999999996
4 0.16304000000000052
3 0.16304000000000052
1 0.16304000000000052
2 0.16304000000000052
1 0.32607999999999926
4 0.16304000000000052
3 0.16304000000000052
1 0.16304000000000052
2 0.16304000000000052
2 0.16304000000000052
1 0.8152000000000008
4 0.16304000000000052
3 0.16303999999999874
1 0.16303999999999874
2 0.16303999999999874
1 0.32608000000000104
4 0.16303999999999874
3 0.16303999999999874
1 0.16303999999999874
2 0.16303999999999874
1 0.9782399999999996
4 0.16303999999999874
3 0.16303999999999874
1 0.16303999999999874
2 0.16303999999999874
1 0.32608000000000104
4 0.16303999999999874
3 0.16303999999999874
1 0.16303999999999874
2 0.16303999999999874
2 0.16303999999999874
1 0.8152000000000008
4 0.16303999999999874
3 0.16303999999999874
1 0.16303999999999874
4 0.16303999999999874
3 0.16303999999999874
2 0.16303999999999874
5 0.16303999999999874
4 0.16303999999999874
3 0.16303999999999874
2 0.16303999999999874
1 0.16303999999999874
1 0.16303999999999874
4 0.16303999999999874
3 0.16303999999999874
1 0.16303999999999874
2 0.16303999999999874
1 0.32608000000000104
4 0.16303999999999874
3 0.16303999999999874
1 0.16303999999999874
2 0.16303999999999874
1 0.9782399999999996
4 0.16303999999999874
3 0.16303999999999874
1 0.16303999999999874
2 0.16303999999999874
1 0.32608000000000104
4 0.16303999999999874
3 0.16303999999999874
1 0.16303999999999874
2 0.16303999999999874
2 0.16303999999999874
2 0.8051999999999992
3 0.0
5 0.0
1 2.608640000000001
4 0.16303999999999874
3 0.16303999999999874
1 0.16303999999999874
2 0.16303999999999874
1 0.32608000000000104
4 0.16303999999999874
3 0.16303999999999874
1 0.1630400000000023
2 0.1630400000000023
2 0.1630400000000023
2 0.8051999999999992
4 0.0
1 1.304319999999997
3 0.0
1 1.304319999999997
4 0.1630400000000023
3 0.1630400000000023
1 0.1630400000000023
2 0.1630400000000023
1 0.3260799999999975
4 0.1630400000000023
3 0.1630400000000023
1 0.1630400000000023
2 0.1630400000000023
1 0.9782399999999996
4 0.1630400000000023
3 0.1630400000000023
1 0.1630400000000023
2 0.1630400000000023
1 0.3260799999999975
4 0.1630400000000023
3 0.1630400000000023
1 0.1630400000000023
2 0.1630400000000023
2 0.1630400000000023
1 0.8151999999999973
4 0.1630400000000023
3 0.1630400000000023
1 0.1630400000000023
2 0.1630400000000023
1 0.3260799999999975
4 0.1630400000000023
3 0.1630400000000023
1 0.1630400000000023
2 0.1630400000000023
1 0.9782399999999996
4 0.1630400000000023
3 0.1630400000000023
1 0.1630400000000023
2 0.1630400000000023
1 0.3260799999999975
4 0.1630400000000023
3 0.1630400000000023
1 0.1630400000000023
2 0.1630400000000023
2 0.1630400000000023
1 0.8151999999999973
4 0.1630400000000023
3 0.1630400000000023
1 0.1630400000000023
2 0.1630400000000023
1 0.3260799999999975
4 0.1630400000000023
3 0.1630400000000023
1 0.1630400000000023
2 0.1630400000000023
2 0.9782399999999996
4 0.0
3 1.304319999999997
4 0.0
1 1.304319999999997
4 0.1630400000000023
3 0.1630400000000023
1 0.1630400000000023
2 0.1630400000000023
1 0.3260799999999975
4 0.1630400000000023
3 0.1630400000000023
1 0.1630400000000023
2 0.1630400000000023
1 1.304319999999997
4 0.1630400000000023
3 0.1630400000000023
1 0.1630400000000023
2 0.1630400000000023
1 0.3260799999999975
4 0.1630400000000023
3 0.1630400000000023
1 0.1630400000000023
2 0.1630400000000023
2 0.1630400000000023
1 0.6521600000000021
4 0.1630400000000023
3 0.1630400000000023
1 0.1630400000000023
2 0.1630400000000023
1 0.3260799999999975
4 0.1630400000000023
3 0.1630400000000023
1 0.1630400000000023
2 0.1630400000000023
2 0.9782399999999996
4 0.0
1 1.304319999999997
3 0.0
1 1.304319999999997
4 0.1630400000000023
3 0.1630400000000023
1 0.1630400000000023
2 0.1630400000000023
1 0.3260799999999975
4 0.1630400000000023
3 0.1630400000000023
1 0.1630400000000023
2 0.1630400000000023
2 0.9782399999999996
4 0.0
3 1.3043200000000041
4 0.0
1 1.3043200000000041
3 0.1630399999999952
2 0.1630399999999952
1 0.1630399999999952
4 0.1630399999999952
3 0.1630399999999952
1 0.1630399999999952
5 0.1630399999999952
4 0.1630399999999952
3 0.1630399999999952
2 0.1630399999999952
1 0.1630399999999952
1 0.1630399999999952
3 0.1630399999999952
2 0.1630399999999952
1 0.1630399999999952
4 0.1630399999999952
3 0.1630399999999952
2 0.1630399999999952
5 0.1630399999999952
4 0.1630399999999952
3 0.1630399999999952
2 0.1630399999999952
1 0.1630399999999952
1 0.1630399999999952
3 0.1630399999999952
2 0.1630399999999952
1 0.1630399999999952
4 0.1630399999999952
3 0.1630399999999952
1 0.1630399999999952
5 0.1630399999999952
4 0.1630399999999952
3 0.1630399999999952
2 0.1630399999999952
1 0.1630399999999952
1 0.1630399999999952
3 0.1630399999999952
2 0.1630399999999952
1 0.1630399999999952
4 0.1630399999999952
3 0.1630399999999952
2 0.1630399999999952
5 0.1630399999999952
4 0.1630399999999952
3 0.1630399999999952
2 0.1630399999999952
1 0.1630399999999952
2 0.1630399999999952
2 0.4891199999999998
1 0.4891199999999998
3 0.3260800000000046
5 0.3260800000000046
3 0.3260800000000046
1 0.3260800000000046
2 0.3260800000000046
4 0.3260800000000046
5 0.3260800000000046
2 0.3260800000000046
3 0.3260800000000046
4 0.3260800000000046
5 0.0815199999999976
5 0.5760400000000061
4 0.10868999999999573
3 0.10868999999999573
2 0.10868999999999573
3 0.3260800000000046
5 0.3260800000000046
1 0.3260800000000046
3 0.3260800000000046
5 0.3260800000000046
3 0.3260800000000046
1 0.3260800000000046
2 0.3260800000000046
4 0.3260800000000046
5 0.3260800000000046
2 0.3260800000000046
3 0.244560000000007
4 0.0815199999999976
2 1.3043200000000041
2 0.4891199999999998
1 0.4891199999999998
4 0.5706399999999974
5 0.0815199999999976
2 0.9782399999999996
4 0.3260800000000046
5 0.3260800000000046
2 0.3260800000000046
3 0.3260800000000046
4 0.3260800000000046
5 0.0815199999999976
5 0.5706399999999974
4 0.10868999999999573
3 0.10868999999999573
3 0.10868999999999573
4 0.3260800000000046
5 0.3260800000000046
1 0.3260800000000046
1 0.3260800000000046
3 0.0
1 0.3260800000000046
3 0.0
1 0.3260800000000046
3 0.0
1 0.3260800000000046
2 0.3260800000000046
4 0.0
2 0.652159999999995
4 0.0
2 0.3260800000000046
3 0.0
5 1.6303999999999945
4 0.0815199999999976
3 0.0815199999999976
2 0.0815199999999976
1 0.0815199999999976
2 0.0815199999999976
1 0.0815199999999976
2 0.0815199999999976
1 0.0815199999999976
2 0.0815199999999976
1 0.0815199999999976
2 0.0815199999999976
3 0.0815199999999976
4 0.0815199999999976
5 0.0815199999999976
4 0.0815199999999976
5 0.0815199999999976
4 0.0815199999999976
3 0.0815199999999976
2 0.0815199999999976
1 0.0815199999999976
2 0.0815199999999976
3 0.0815199999999976
2 0.0815199999999976
3 0.0815199999999976
2 0.0815199999999976
3 0.0815199999999976
4 0.0815199999999976
3 0.0815199999999976
4 0.0815199999999976
5 0.0815199999999976
4 0.0815199999999976
5 0.0815199999999976
4 0.0815199999999976
3 0.0815199999999976
2 0.0815199999999976
1 0.0815199999999976
2 0.0815199999999976
3 0.0815199999999976
4 0.0815199999999976
3 0.0815199999999976
2 0.0815199999999976
1 0.0815199999999976
2 0.0815199999999976
3 0.0815199999999976
4 0.0815199999999976
5 0.0815199999999976
4 0.0815199999999976
3 0.0815199999999976
4 0.0815199999999976
3 0.0815199999999976
4 0.0815199999999976
3 0.0815199999999976
2 0.0815199999999976
3 0.0815199999999976
2 0.0815199999999976
3 0.0815199999999976
2 0.1630399999999952
1 0.1630399999999952
2 0.1630399999999952
3 0.1630399999999952
2 0.1630399999999952
5 0.1630399999999952
4 0.1630399999999952
3 0.1630399999999952
2 0.1630399999999952
1 0.1630399999999952
2 0.1630399999999952
3 0.1630399999999952
4 0.1630399999999952
5 0.1630399999999952
5 0.1630399999999952
5 0.8152000000000044
4 0.0815199999999976
3 0.0815199999999976
5 0.1630399999999952
5 0.1630399999999952
5 0.1630399999999952
4 0.0815199999999976
3 0.0815199999999976
2 0.1630399999999952
1 0.1630399999999952
1 0.1630399999999952
3 0.1630399999999952
3 0.8152000000000044
1 0.3260800000000046
3 0.0
4 0.1630399999999952
4 2.1825600000000037
1 0.3260800000000046
4 0.1630399999999952
3 0.1630399999999952
1 0.1630399999999952
2 0.1630399999999952
1 0.3260800000000046
4 0.1630399999999952
3 0.1630399999999952
1 0.1630399999999952
2 0.1630399999999952
2 0.1630399999999952
1 0.8152000000000044
4 0.1630399999999952
3 0.1630399999999952
1 0.1630399999999952
2 0.1630399999999952
1 0.3260800000000046
4 0.1630399999999952
3 0.1630399999999952
1 0.1630399999999952
2 0.1630399999999952
1 0.9782399999999996
4 0.1630399999999952
3 0.1630399999999952
1 0.1630399999999952
2 0.1630399999999952
1 0.3260800000000046
4 0.1630399999999952
3 0.1630399999999952
1 0.1630399999999952
2 0.1630399999999952
2 0.1630399999999952
2 0.8152000000000044
4 0.0
1 1.3043200000000041
3 0.0
1 1.3043200000000041
4 0.1630399999999952
3 0.1630399999999952
1 0.1630399999999952
2 0.1630399999999952
1 0.3260800000000046
4 0.1630399999999952
3 0.1630399999999952
1 0.1630399999999952
2 0.1630399999999952
1 0.9782399999999996
4 0.1630399999999952
3 0.1630399999999952
1 0.1630399999999952
2 0.1630399999999952
1 0.3260800000000046
4 0.1630399999999952
3 0.1630399999999952
1 0.1630399999999952
2 0.1630399999999952
2 0.1630399999999952
1 0.8152000000000044
4 0.1630399999999952
3 0.1630399999999952
1 0.1630399999999952
2 0.1630399999999952
1 0.3260800000000046
4 0.1630399999999952
3 0.1630399999999952
1 0.1630399999999952
2 0.1630399999999952
1 0.9782399999999996
4 0.1630399999999952
3 0.1630399999999952
1 0.1630399999999952
2 0.1630399999999952
1 0.3260799999999904
4 0.1630399999999952
3 0.1630399999999952
1 0.1630399999999952
2 0.1630399999999952
2 0.1630399999999952
1 0.8152000000000044
4 0.1630399999999952
3 0.1630399999999952
1 0.1630399999999952
2 0.1630399999999952
1 0.3260799999999904
4 0.1630399999999952
3 0.1630399999999952
1 0.1630399999999952
2 0.1630399999999952
2 0.9782399999999996
4 0.0
3 1.30431999999999
4 0.0
1 1.30431999999999
4 0.1630399999999952
3 0.1630399999999952
1 0.1630399999999952
2 0.1630399999999952
1 0.3260799999999904
4 0.1630399999999952
3 0.1630399999999952
1 0.1630399999999952
2 0.1630399999999952
1 0.9782399999999996
4 0.1630399999999952
3 0.1630399999999952
1 0.1630399999999952
2 0.1630399999999952
1 0.3260799999999904
4 0.1630399999999952
3 0.1630399999999952
1 0.1630399999999952
2 0.1630399999999952
2 0.1630399999999952
1 0.8152000000000044
4 0.1630399999999952
3 0.1630399999999952
1 0.1630399999999952
2 0.1630399999999952
5 0.1630399999999952
2 1.793440000000004
4 0.0
1 1.30431999999999
3 0.0
1 1.30431999999999
4 0.1630399999999952
3 0.1630399999999952
1 0.1630399999999952
2 0.1630399999999952
1 0.3260799999999904
4 0.1630399999999952
3 0.1630399999999952
1 0.1630399999999952
2 0.1630399999999952
2 0.9782399999999996
4 0.0
3 1.30431999999999
4 0.0
1 1.30431999999999
3 0.1630399999999952
2 0.1630399999999952
1 0.1630399999999952
4 0.1630399999999952
3 0.1630399999999952
1 0.1630399999999952
5 0.1630399999999952
4 0.1630399999999952
3 0.1630399999999952
2 0.1630399999999952
1 0.1630399999999952
1 0.1630399999999952
3 0.1630399999999952
2 0.1630399999999952
1 0.1630399999999952
4 0.1630399999999952
3 0.1630399999999952
2 0.1630399999999952
5 0.1630399999999952
4 0.1630399999999952
3 0.1630399999999952
2 0.1630399999999952
1 0.1630399999999952
1 0.1630399999999952
3 0.1630399999999952
2 0.1630399999999952
1 0.1630399999999952
4 0.1630399999999952
3 0.1630399999999952
1 0.1630399999999952
5 0.1630399999999952
4 0.1630399999999952
3 0.1630399999999952
2 0.1630399999999952
1 0.1630399999999952
1 0.1630399999999952
3 0.1630399999999952
2 0.1630399999999952
1 0.1630399999999952
4 0.1630399999999952
3 0.1630399999999952
2 0.1630399999999952
5 0.1630399999999952
4 0.1630399999999952
3 0.1630399999999952
2 0.1630399999999952
1 0.1630399999999952
2 0.1630399999999952
2 0.489120000000014
1 0.489120000000014
3 0.3260799999999904
5 0.3260799999999904
3 0.3260799999999904
1 0.3260799999999904
2 0.3260799999999904
4 0.3260799999999904
5 0.3260799999999904
2 0.3260799999999904
3 0.3260799999999904
4 0.3260799999999904
5 0.0815200000000118
4 0.244560000000007
3 0.3260799999999904
2 0.3260799999999904
3 0.3260799999999904
5 0.3260799999999904
1 0.3260799999999904
3 0.3260799999999904
5 0.3260799999999904
3 0.3260799999999904
1 0.3260799999999904
2 0.3260799999999904
4 0.3260799999999904
5 0.3260799999999904
2 0.3260799999999904
3 0.244560000000007
4 0.0815200000000118
2 1.30431999999999
2 0.489120000000014
1 0.489120000000014
4 0.1630399999999952
5 0.1630399999999952
2 1.30431999999999
4 0.3260799999999904
5 0.3260799999999904
2 0.3260799999999904
4 0.1630399999999952
5 0.1630399999999952
1 1.30431999999999
2 0.3260799999999904
3 0.3260799999999904
3 0.9782399999999996
4 0.1630399999999952
3 0.1630399999999952
3 0.6521600000000092
3 0.3260799999999904
2 0.3260799999999904
1 0.244560000000007
2 0.0815200000000118
4 2.6086400000000083
5 0.0815200000000118
2 0.489120000000014
3 0.0815200000000118
4 0.0815200000000118
3 0.0815200000000118
2 0.0815200000000118
1 0.0815200000000118
2 0.0815200000000118
3 0.0815200000000118
4 0.0815200000000118
5 0.0815200000000118
4 0.5706399999999974
3 0.0815200000000118
4 0.0815200000000118
3 0.0815200000000118
2 0.0815200000000118
1 0.0815200000000118
2 0.0815200000000118
3 0.0815200000000118
4 0.0815200000000118
3 0.0815200000000118
4 0.0815200000000118
3 0.0815200000000118
4 0.0815200000000118
3 0.0815200000000118
2 0.0815200000000118
1 0.0815200000000118
2 0.0815200000000118
3 0.0815200000000118
1 0.0815200000000118
2 0.0815200000000118
3 0.0815200000000118
4 0.0815200000000118
1 0.0815200000000118
2 0.0815200000000118
3 0.0815200000000118
4 0.0815200000000118
1 0.0815200000000118
2 0.0815200000000118
3 0.0815200000000118
4 0.0815200000000118
3 0.0815200000000118
4 0.1630399999999952
4 0.1630399999999952
3 0.0815200000000118
4 0.0815200000000118
3 0.0815200000000118
4 0.0815200000000118
5 0.0815200000000118
4 0.0815200000000118
3 0.0815200000000118
2 0.0815200000000118
3 0.0815200000000118
2 0.0815200000000118
3 0.0815200000000118
4 0.0815200000000118
3 0.0815200000000118
2 0.0815200000000118
1 0.0815200000000118
2 0.0815200000000118
3 0.0815200000000118
4 0.0815200000000118
3 0.0815200000000118
2 0.0815200000000118
1 0.0815200000000118
2 0.0815200000000118
3 0.0815200000000118
4 0.0815200000000118
5 0.0815200000000118
4 0.0815200000000118
3 0.0815200000000118
2 0.0815200000000118
1 0.0815200000000118
2 0.0815200000000118
3 0.0815200000000118
4 0.0815200000000118
3 0.0815200000000118
2 0.0815200000000118
1 0.0815200000000118
2 0.0815200000000118
3 0.0815200000000118
4 0.0815200000000118
3 0.0815200000000118
4 0.0815200000000118
5 0.1630399999999952
4 0.1630399999999952
3 0.1630399999999952
2 0.1630399999999952
1 0.1630399999999952
2 0.1630399999999952
4 0.1630399999999952
5 0.1630399999999952
3 0.1630399999999952
4 0.0815200000000118
5 0.0815200000000118
3 0.1630399999999952
4 0.1630399999999952
3 0.1630399999999952
2 0.0815200000000118
3 0.0815200000000118
2 0.1630399999999952
1 0.0815200000000118
2 0.0815200000000118
2 0.1630399999999952
1 0.1630399999999952
2 0.0815200000000118
3 0.0815200000000118
2 0.0815200000000118
3 0.0815200000000118
4 0.0815200000000118
5 0.0815200000000118
4 0.0815200000000118
3 0.0815200000000118
2 0.0815200000000118
1 0.0815200000000118
2 0.0815200000000118
3 0.0815200000000118
4 0.0815200000000118
3 0.0815200000000118
2 0.0815200000000118
3 0.0815200000000118
2 0.0815200000000118
3 0.0815200000000118
2 0.0815200000000118
1 0.0815200000000118
2 0.1630399999999952
3 0.1630399999999952
4 0.1630399999999952
3 0.1630399999999952
4 0.1630399999999952
5 0.1630399999999952
4 0.1630399999999952
3 0.3260799999999904
4 0.0815200000000118
3 0.0815200000000118
4 0.0815200000000118
3 0.0815200000000118
2 0.0815200000000118
1 0.0815200000000118
2 0.0815200000000118
5 0.0815200000000118
1 0.0815200000000118
2 0.0815200000000118
4 0.0815200000000118
1 0.0815200000000118
2 0.0815200000000118
3 0.0815200000000118
4 0.0815200000000118
5 0.0815200000000118
4 0.0815200000000118
5 0.0815200000000118
4 0.0815200000000118
4 0.0815200000000118
4 0.0815200000000118
3 0.0815200000000118
4 0.0815200000000118
3 0.0815200000000118
2 0.0815200000000118
3 0.0815200000000118
4 0.0815200000000118
5 0.0815200000000118
4 0.0815200000000118
3 0.0815200000000118
2 0.0815200000000118
1 0.0815200000000118
5 0.0815200000000118
4 0.0815200000000118
3 0.0815200000000118
4 0.0815200000000118
3 0.0815200000000118
4 0.0815200000000118
3 0.0815200000000118
2 0.0815200000000118
3 0.0815200000000118
2 0.0815200000000118
3 0.0815200000000118
2 0.0815200000000118
3 0.0815200000000118
2 0.0815200000000118
2 0.1630399999999952
4 0.1630399999999952
1 0.1630399999999952
2 0.1630399999999952
3 0.1630399999999952
3 0.1630399999999952
4 0.1630399999999952
4 0.1630399999999952
4 0.1630399999999952
5 0.1630399999999952
4 0.1630399999999952
4 0.1630399999999952
3 0.1630399999999952
2 0.1630399999999952
1 0.1630399999999952
1 0.1630399999999952
2 0.1630399999999952
3 0.1630399999999952
4 0.1630399999999952
3 0.1630399999999952
4 0.1630399999999952
5 0.1630399999999952
4 0.1630399999999952
1 0.4076000000000022
2 0.10868999999999573
3 0.10868999999999573
2 0.10868999999999573
3 0.10868999999999573
2 0.10868999999999573
3 0.10868999999999573
4 0.10868999999999573
3 0.10868999999999573
4 0.10868999999999573
3 0.21737999999999147
2 0.10868999999999573
3 0.0815200000000118
4 0.0815200000000118
5 0.0815200000000118
4 0.0815200000000118
3 0.0815200000000118
2 0.0815200000000118
1 0.0815200000000118
2 0.0815200000000118
3 0.0815200000000118
4 0.0815200000000118
5 0.0815200000000118
4 0.0815200000000118
5 0.5706399999999974
4 0.0815200000000118
3 0.4076000000000022
1 0.4076000000000022
2 0.0815200000000118
3 0.0815200000000118
4 0.0815200000000118
3 0.0815200000000118
2 0.0815200000000118
1 0.0815200000000118
2 0.0815200000000118
3 0.0815200000000118
4 0.0815200000000118
5 0.0815200000000118
4 0.0815200000000118
5 0.1630399999999952
4 0.6521600000000092
5 0.0815200000000118
5 0.244560000000007
4 0.0815200000000118
3 0.0815200000000118
4 0.0815200000000118
5 0.0815200000000118
4 0.0815200000000118
3 0.0815200000000118
4 0.0815200000000118
3 0.0815200000000118
2 0.0815200000000118
3 0.0815200000000118
4 0.0815200000000118
3 0.0815200000000118
2 0.0815200000000118
1 0.0815200000000118
2 0.0815200000000118
3 0.0815200000000118
4 0.0815200000000118
5 0.0815200000000118
4 0.0815200000000118
3 0.0815200000000118
4 0.0815200000000118
5 0.0815200000000118
4 0.0815200000000118
3 0.0815200000000118
2 0.0815200000000118
1 0.0815200000000118
2 0.0815200000000118
3 0.0815200000000118
4 0.0815200000000118
5 0.0815200000000118
4 0.0815200000000118
3 0.0815200000000118
2 0.0815200000000118
3 0.0815200000000118
4 0.0815200000000118
5 0.0815200000000118
4 0.0815200000000118
3 0.0815200000000118
2 0.0815200000000118
3 0.0815200000000118
4 0.0815200000000118
5 0.0815200000000118
4 0.0815200000000118
3 0.0815200000000118
4 0.0815200000000118
3 0.0815200000000118
4 0.0815200000000118
3 0.0815200000000118
2 0.0815200000000118
3 0.0815200000000118
4 0.0815200000000118
3 0.0815200000000118
2 0.0815200000000118
3 0.0815200000000118
2 0.1630399999999952
2 0.1630399999999952
3 0.1630399999999952
4 0.0815200000000118
5 0.0815200000000118
4 0.0815200000000118
3 0.0815200000000118
2 0.0815200000000118
3 0.0815200000000118
4 0.0815200000000118
3 0.0815200000000118
4 0.0815200000000118
5 0.0815200000000118
4 0.0815200000000118
5 0.0815200000000118
4 0.0815200000000118
3 0.0815200000000118
2 0.0815200000000118
1 0.0815200000000118
2 0.0815200000000118
3 0.0815200000000118
4 0.5706399999999974
5 0.0815200000000118
4 0.489120000000014
4 0.1630399999999952
3 0.0815200000000118
2 0.0815200000000118
4 0.0815200000000118
3 0.0815200000000118
2 0.0815200000000118
3 0.0815200000000118
2 0.0815200000000118
1 0.0815200000000118
3 0.0815200000000118
2 0.0815200000000118
1 0.0815200000000118
2 0.0815200000000118
3 0.0815200000000118
4 0.0815200000000118
2 0.0815200000000118
3 0.0815200000000118
4 0.0815200000000118
5 0.0815200000000118
4 0.0815200000000118
3 0.0815200000000118
2 0.0815200000000118
3 0.0815200000000118
4 0.0815200000000118
3 0.0815200000000118
2 0.0815200000000118
1 0.0815200000000118
2 0.0815200000000118
3 0.0815200000000118
4 0.0815200000000118
5 0.0815200000000118
4 0.0815200000000118
3 0.0815200000000118
2 0.0815200000000118
1 0.0815200000000118
2 0.0815200000000118
3 0.0815200000000118
4 0.0815200000000118
5 0.0815200000000118
4 0.0815200000000118
3 0.0815200000000118
2 0.0815200000000118
3 0.0815200000000118
4 0.0815200000000118
5 0.0815200000000118
4 0.0815200000000118
3 0.0815200000000118
2 0.0815200000000118
3 0.0815200000000118
4 0.0815200000000118
5 0.0815200000000118
4 0.0815200000000118
3 0.0815200000000118
2 0.0815200000000118
3 0.0815200000000118
4 0.0815200000000118
5 0.0815200000000118
4 0.0815200000000118
3 0.0815200000000118
2 0.0815200000000118
1 0.0815200000000118
2 0.0815200000000118
1 0.0815200000000118
2 0.0815200000000118
3 0.0815200000000118
3 0.244560000000007
2 0.0815200000000118
1 0.0815200000000118
2 0.0815200000000118
3 0.0815200000000118
2 0.0815200000000118
3 0.0815200000000118
4 0.0815200000000118
5 0.0815200000000118
4 0.0815200000000118
3 0.0815200000000118
2 0.0815200000000118
4 0.0815200000000118
3 0.0815200000000118
2 0.0815200000000118
1 0.0815200000000118
2 0.0815200000000118
3 0.0815200000000118
4 0.0815200000000118
3 0.0815200000000118
2 0.0815200000000118
3 0.0815200000000118
3 0.0815200000000118
3 0.244560000000007
3 0.1630399999999952
2 0.0815200000000118
1 0.0815200000000118
2 0.0815200000000118
1 0.0815200000000118
2 0.0815200000000118
3 0.0815200000000118
4 0.0815200000000118
3 0.0815200000000118
2 0.0815200000000118
3 0.0815200000000118
2 0.0815200000000118
3 0.0815200000000118
5 0.0815200000000118
4 0.1630399999999952
4 0.1630399999999952
3 0.1630399999999952
1 0.3260799999999904
1 0.3260799999999904
2 0.0
1 0.3260799999999904
2 0.0
1 0.489120000000014
2 0.1630399999999952
1 0.1630399999999952
4 0.1630399999999952
3 0.1630399999999952
1 0.4076000000000022
2 0.0
1 0.3260799999999904
2 0.0
1 0.3260799999999904
2 0.0
1 0.3260799999999904
2 0.0
2 0.3260799999999904
4 0.1630399999999952
3 0.10868999999999573
2 0.10868999999999573
1 0.10868999999999573
5 0.1630399999999952
3 0.23291000000000395
5 0.23291000000000395
3 0.23291000000000395
5 0.23291000000000395
3 0.23291000000000395
5 0.23291000000000395
3 0.23291000000000395
5 0.23291000000000395
3 0.23291000000000395
5 0.23291000000000395
3 0.10868999999999573
2 0.10868999999999573
5 0.10868999999999573
4 0.10868999999999573
3 0.10868999999999573
2 0.10868999999999573
5 0.10868999999999573
4 0.10868999999999573
3 0.10868999999999573
2 0.10868999999999573
5 0.10868999999999573
4 0.10868999999999573
3 0.10868999999999573
2 0.10868999999999573
5 0.10868999999999573
3 0.10868999999999573
2 0.10868999999999573
5 0.10868999999999573
3 0.10868999999999573
2 0.10868999999999573
5 0.10868999999999573
3 0.10868999999999573
2 0.10868999999999573
5 0.10868999999999573
3 0.10868999999999573
2 0.10868999999999573
5 0.10868999999999573
3 0.10868999999999573
2 0.10868999999999573
5 0.10868999999999573
3 0.10868999999999573
2 0.10868999999999573
5 0.10868999999999573
3 0.10868999999999573
2 0.10868999999999573
4 1.1771500000000117
5 0.0815200000000118
1 1.254320000000007
4 0.1630399999999952
3 0.1630399999999952
1 0.1630399999999952
2 0.1630399999999952
1 0.3260799999999904
4 0.1630399999999952
3 0.1630399999999952
1 0.1630399999999952
2 0.1630399999999952
2 0.1630399999999952
1 0.8152000000000044
4 0.1630399999999952
3 0.1630399999999952
1 0.1630399999999952
2 0.1630399999999952
1 0.3260799999999904
4 0.1630399999999952
3 0.1630399999999952
1 0.1630399999999952
2 0.1630399999999952
1 0.9782399999999996
4 0.1630399999999952
3 0.1630399999999952
1 0.1630399999999952
2 0.1630399999999952
1 0.3260799999999904
4 0.1630399999999952
3 0.1630399999999952
1 0.1630399999999952
2 0.1630399999999952
2 0.1630399999999952
1 0.8152000000000044
4 0.1630399999999952
3 0.1630399999999952
1 0.1630399999999952
2 0.1630399999999952
1 0.3260799999999904
4 0.1630399999999952
3 0.1630399999999952
1 0.1630399999999952
2 0.1630399999999952
1 0.9782399999999996
4 0.1630399999999952
3 0.1630399999999952
1 0.1630399999999952
2 0.1630399999999952
1 0.3260799999999904
4 0.1630399999999952
3 0.1630399999999952
1 0.1630399999999952
2 0.1630399999999952
2 0.8782400000000052
4 0.0
1 1.30431999999999
3 0.0
1 1.30431999999999
4 0.1630399999999952
3 0.1630399999999952
1 0.1630399999999952
2 0.1630399999999952
1 0.3260799999999904
4 0.1630399999999952
3 0.1630399999999952
1 0.1630399999999952
2 0.1630399999999952
2 0.9782399999999996
4 0.0
3 1.3043200000000184
4 0.0
1 1.3043200000000184
4 0.1630400000000236
3 0.1630400000000236
1 0.1630400000000236
2 0.1630400000000236
1 0.3260799999999904
4 0.1630400000000236
3 0.1630400000000236
1 0.1630400000000236
2 0.1630400000000236
2 0.978240000000028
4 0.0
1 1.3043200000000184
3 0.0
1 1.3043200000000184
4 0.1630400000000236
3 0.1630400000000236
1 0.1630400000000236
2 0.1630400000000236
1 0.3260799999999904
4 0.1630400000000236
3 0.1630400000000236
1 0.1630400000000236
2 0.1630400000000236
2 0.978240000000028
4 0.0
3 1.3043200000000184
4 0.0
1 1.3043200000000184
4 0.1630400000000236
3 0.1630400000000236
1 0.1630400000000236
2 0.1630400000000236
1 0.3260799999999904
4 0.1630400000000236
3 0.1630400000000236
1 0.1630400000000236
2 0.1630400000000236
1 0.978240000000028
4 0.1630400000000236
3 0.1630400000000236
1 0.1630400000000236
2 0.1630400000000236
1 0.3260799999999904
4 0.1630400000000236
3 0.1630400000000236
1 0.1630400000000236
2 0.1630400000000236
2 0.1630400000000236
1 2.7716800000000035
3 0.1630400000000236
2 0.1630400000000236
1 0.1630400000000236
4 0.1630400000000236
3 0.1630400000000236
2 0.1630400000000236
5 0.1630400000000236
4 0.1630400000000236
3 0.1630400000000236
2 0.1630400000000236
1 0.1630400000000236
1 0.1630400000000236
3 0.1630400000000236
2 0.1630400000000236
1 0.1630400000000236
4 0.1630400000000236
3 0.1630400000000236
2 0.1630400000000236
5 0.1630400000000236
4 0.1630400000000236
3 0.1630400000000236
2 0.1630400000000236
1 0.1630400000000236
1 0.1630400000000236
3 0.1630400000000236
2 0.1630400000000236
1 0.1630400000000236
4 0.1630400000000236
3 0.1630400000000236
2 0.1630400000000236
5 0.1630400000000236
4 0.1630400000000236
3 0.1630400000000236
2 0.1630400000000236
1 0.1630400000000236
1 0.1630400000000236
3 0.1630400000000236
2 0.1630400000000236
1 0.1630400000000236
4 0.1630400000000236
3 0.1630400000000236
2 0.1630400000000236
5 0.1630400000000236
4 0.1630400000000236
3 0.1630400000000236
2 0.1630400000000236
5 0.24455999999997857
4 0.1630400000000236
3 0.1630400000000236
2 0.1630400000000236
5 0.24455999999997857
4 0.1630400000000236
3 0.1630400000000236
2 0.1630400000000236
5 0.24455999999997857
4 0.1630400000000236
3 0.1630400000000236
2 0.1630400000000236
5 0.24455999999997857
4 0.1630400000000236
3 0.1630400000000236
2 0.1630400000000236