3 1.0000000000000012
3 0.18000000000000016
3 0.20000000000000018
3 0.4400000000000004
3 0.2200000000000002
3 0.20000000000000018
3 0.20000000000000018
3 0.20000000000000018
3 0.2200000000000002
3 0.2400000000000002
3 0.17999999999999794
3 0.2199999999999953
3 0.19999999999999574
3 0.19999999999999574
3 0.2199999999999953
3 0.19999999999999574
3 0.19999999999999574
3 0.19999999999999574
3 0.2199999999999953
3 0.19999999999999574
3 0.2199999999999953
3 0.19999999999999574
3 0.3199999999999932
4 0.17999999999999616
4 0.17999999999999616
4 0.17999999999999616
4 0.19999999999999574
4 0.23999999999999488
4 0.19999999999999574
4 0.23999999999999577
4 0.19999999999999574
2 0.19999999999999574
2 0.19999999999999574
2 0.19999999999999574
2 0.2199999999999953
2 0.23999999999999488
2 0.19999999999999574
2 0.19999999999999574
2 0.19999999999999574
5 0.25999999999999446
5 0.19999999999999574
5 0.19999999999999574
5 0.19999999999999574
4 0.2199999999999953
4 0.19999999999999574
4 0.19999999999999574
4 0.19999999999999574
3 0.23999999999999488
3 0.19999999999999574
3 0.2199999999999953
3 0.19999999999999574
3 0.19999999999999574
2 0.2199999999999953
2 0.19999999999999574
1 0.23999999999999488
2 0.23999999999999488
3 0.19999999999999574
3 0.2199999999999953
3 0.19999999999999574
3 0.2199999999999953
3 0.19999999999999574
3 0.2199999999999953
3 0.19999999999999574
2 0.19999999999999574
2 0.19999999999999574
2 0.2199999999999953
2 0.19999999999999574
2 0.19999999999999574
2 0.2199999999999953
2 0.2199999999999953
2 0.17999999999999616
5 0.23999999999999488
5 0.2199999999999953
5 0.19999999999999574
5 0.19999999999999574
4 0.23999999999999488
4 0.19999999999999574
4 0.19999999999999574
4 0.19999999999999574
3 0.2199999999999953
3 0.17999999999999616
3 0.23999999999999488
3 0.19999999999999574
3 0.19999999999999574
2 0.2199999999999953
2 0.19999999999999574
1 0.2199999999999953
2 0.2199999999999953
3 0.2199999999999953
3 0.2199999999999953
3 0.23999999999999488
3 0.19999999999999574
3 0.19999999999999574
3 0.2199999999999953
3 0.19999999999999574
2 0.19999999999999574
2 0.19999999999999574
2 0.23999999999999488
2 0.2199999999999953
2 0.19999999999999574
2 0.19999999999999574
2 0.23999999999999488
2 0.17999999999999616
5 0.2199999999999953
5 0.2199999999999953
5 0.19999999999999574
5 0.23999999999999488
4 0.19999999999999574
4 0.19999999999999574
4 0.19999999999999574
4 0.2199999999999953
3 0.19999999999999574
3 0.17999999999999616
3 0.2199999999999953
3 0.2199999999999953
3 0.2199999999999953
2 0.19999999999999574
2 0.17999999999999616
1 0.23999999999999488
2 0.19999999999999574
3 0.2199999999999953
3 0.2199999999999953
3 0.2199999999999953
3 0.2199999999999953
3 0.17999999999999616
3 0.23999999999999488
3 0.17999999999999616
2 0.19999999999999574
2 0.2199999999999953
2 0.19999999999999574
2 0.23999999999999488
2 0.17999999999999616
2 0.19999999999999574
2 0.23999999999999488
2 0.17999999999999616
5 0.23999999999999488
5 0.2199999999999953
5 0.19999999999999574
5 0.19999999999999574
4 0.2199999999999953
4 0.19999999999999574
4 0.2199999999999953
4 0.2199999999999953
3 0.18000000000000682
3 0.20000000000003126
3 0.2200000000000344
3 0.2200000000000344
3 0.2200000000000344
3 0.20000000000003126
3 0.20000000000003126
3 0.20000000000003126
4 0.24000000000003752
4 0.20000000000003126
4 0.20000000000003126
4 0.24000000000003752
5 0.20000000000003126
5 0.2200000000000344
5 0.2200000000000344
3 0.20000000000003126
3 0.20000000000003126
3 0.2200000000000344
3 0.24000000000003752
3 0.2200000000000344
3 0.20000000000003126
3 0.20000000000003126
3 0.20000000000003126
3 0.18000000000002814
2 0.26000000000004064
2 0.18000000000002814
2 0.2200000000000344
2 0.20000000000003126
2 0.20000000000003126
3 0.24000000000003752
2 0.20000000000003126
3 0.20000000000003126
3 0.2200000000000344
3 0.24000000000003752
3 0.2200000000000344
3 0.20000000000003126
3 0.20000000000003126
3 0.20000000000003126
3 0.24000000000003752
3 0.20000000000003126
4 0.2200000000000344
4 0.18000000000002814
4 0.20000000000003126
4 0.2200000000000344
4 0.24000000000003752
4 0.20000000000003126
4 0.24000000000003752
4 0.20000000000003126
3 0.18000000000002814
3 0.2200000000000344
3 0.24000000000003752
3 0.20000000000003126
3 0.2200000000000344
3 0.20000000000003126
3 0.2200000000000344
3 0.20000000000003126
2 0.20000000000003126
2 0.20000000000003126
2 0.20000000000003126
2 0.26000000000004064
2 0.18000000000002814
2 0.20000000000003126
2 0.24000000000003752
2 0.18000000000002814
1 0.26000000000004064
1 0.2200000000000344
1 0.2200000000000344
1 0.2200000000000344
1 0.2200000000000344
1 0.20000000000003126
1 0.20000000000003126
1 0.20000000000003126
3 0.2200000000000344
3 0.20000000000003126
3 0.24000000000003752
3 0.2200000000000344
3 0.2200000000000344
3 0.20000000000003126
3 0.2200000000000344
3 0.20000000000003126
3 0.2200000000000344
3 0.2200000000000344
3 0.24000000000003752
3 0.24000000000003752
3 0.2200000000000344
3 0.24000000000003752
3 0.24000000000003752
3 0.24000000000003752
3 0.2200000000000344
3 0.24000000000003752
3 0.24000000000003752
3 0.24000000000003752
3 0.26000000000004064
3 0.2200000000000344
3 0.26000000000004064
3 0.24000000000003752
3 0.26000000000004064
3 0.26000000000004064
3 0.24000000000003752
3 0.28000000000004377
3 0.26000000000004064
3 0.26000000000004064
3 0.28000000000004377
3 0.26000000000004064
3 0.26000000000004064
3 0.5800000000000907
3 0.6000000000000938
3 0.26000000000004064
3 0.160000000000025
3 0.160000000000025
3 0.14000000000002188
2 0.160000000000025
3 0.28000000000004377
3 0.5800000000000907
3 0.5800000000000907
3 0.24000000000003752
3 0.160000000000025
3 0.160000000000025
3 0.14000000000002188
2 0.160000000000025
3 0.28000000000004377
3 0.5600000000000875
3 0.6000000000000938
3 0.26000000000004064
3 0.18000000000002814
3 0.14000000000002188
3 0.14000000000002188
2 0.14000000000002188
3 0.3000000000000469
3 0.6000000000000938
3 0.6000000000000938
3 0.2200000000000344
3 0.160000000000025
3 0.14000000000002188
3 0.14000000000002188
2 0.14000000000002188
4 0.599999999999902
3 0.2599999999999483
3 0.2999999999999403
2 0.13999999999997215
1 0.1799999999999642
2 0.2799999999999443
3 0.2799999999999443
4 0.7799999999998448
3 0.26999999999559066
3 0.31999999999993634
2 0.159999999995642384
1 0.1800000000043218
2 0.2700000000043019
3 0.2999999999999403
4 0.8699999999954713
3 0.23000000000430987
3 0.3099999999999403
2 0.11000000000433374
1 0.1799999999999642
2 0.2599999999999483
3 0.2999999999999403
3 0.8499999999954753
4 0.0999999999999801
3 0.1799999999999642
4 0.15999999999996817
3 0.11999999999997613
4 0.13999999999997215
3 0.13999999999997215
4 0.1799999999999642
3 0.11999999999997613
4 0.15999999999996817
1 0.1799999999999642
1 0.23999999999995225
2 0.0999999999999801
4 0.4500000000042661
3 0.2799999999999443
3 0.2799999999999443
2 0.11999999999997613
1 0.13999999999997215
2 0.2999999999999403
3 0.2799999999999443
4 0.8799999999964285
3 0.2599999999999483
3 0.31999999999993634
2 0.0999999999999801
1 0.1999999999999602
2 0.23999999999995225
3 0.33999999999993236
4 0.7999999999998408
3 0.2799999999999443
3 0.31999999999993634
2 0.11999999999997613
1 0.1799999999999642
2 0.2599999999999483
3 0.2999999999999403
3 0.8199999999998369
4 0.11999999999997613
3 0.15999999999996817
4 0.1799999999999642
3 0.15999999999996817
4 0.15999999999996817
3 0.11999999999997613
4 0.15999999999996817
3 0.0999999999999801
4 0.1799999999999642
1 0.13999999999997215
1 0.2799999999999443
2 0.0999999999999801
3 0.15999999999996817
2 0.3066666666683915
3 0.0999999999999801
4 0.13999999999997215
2 0.5399999999998926
3 0.07999999999998408
4 0.1799999999999642
1 0.3599999999999284
2 0.7999999999998408
3 0.0999999999999801
4 0.15999999999996817
2 0.5799999999998846
3 0.0999999999999801
4 0.1999999999999602
1 0.3599999999999284
2 0.7799999999998448
3 0.11999999999997613
4 0.21999999999995623
2 0.5599999999998886
3 0.11999999999997613
4 0.1999999999999602
1 0.21999999999995623
3 0.8999999999998209
4 0.11999999999997613
5 0.13999999999997215
3 0.5799999999998846
4 0.11999999999997613
5 0.1999999999999602
1 0.2799999999999443
2 0.8199999999998369
3 0.0999999999999801
4 0.1799999999999642
2 0.5599999999998886
3 0.11999999999997613
4 0.1799999999999642
1 0.2999999999999403
2 0.8399999999998329
3 0.11999999999997613
4 0.23999999999995225
2 0.5199999999998965
3 0.13999999999997215
4 0.1999999999999602
1 0.2799999999999443
2 0.8599999999998289
3 0.05999999999998806
4 0.21999999999995623
2 0.5199999999998965
3 0.11999999999997613
4 0.21999999999995623
1 0.2799999999999443
3 0.8999999999998209
4 0.0999999999999801
5 0.1999999999999602
3 0.5199999999998965
4 0.11999999999997613
5 0.1999999999999602
1 0.2999999999999403
4 0.8833333333369069
3 0.2599999999999483
3 0.2999999999999403
2 0.13999999999997215
1 0.15999999999996817
2 0.2999999999999403
3 0.23999999999995225
4 0.8999999999998209
3 0.2599999999999483
3 0.2999999999999403
2 0.13999999999997215
1 0.1799999999999642
2 0.2799999999999443
3 0.2999999999999403
4 0.7999999999998408
3 0.2799999999999443
3 0.2799999999999443
2 0.1799999999999642
1 0.15999999999996817
2 0.2799999999999443
3 0.2999999999999403
3 0.8199999999998369
4 0.15999999999996817
3 0.11999999999997613
4 0.1799999999999642
3 0.11999999999997613
4 0.15999999999996817
3 0.13999999999997215
4 0.15999999999996817
3 0.11999999999997613
4 0.0999999999999801
1 0.15999999999996817
1 0.2799999999999443
2 0.11999999999997613
2 0.44666666666824995
3 0.11999999999997613
4 0.15999999999996817
2 0.5399999999998926
3 0.13999999999997215
4 0.13999999999997215
1 0.33999999999993236
2 0.8599999999998289
3 0.07999999999998408
4 0.15999999999996817
2 0.6199999999998766
3 0.13999999999997215
4 0.1799999999999642
1 0.2799999999999443
2 0.8199999999998369
3 0.15999999999996817
4 0.15999999999996817
2 0.5399999999998926
3 0.15999999999996817
4 0.1999999999999602
1 0.2599999999999483
3 0.7866666666688644
4 0.15333333333094856
5 0.1999999999999602
3 0.4466666666690884
4 0.17333333333078826
5 0.1999999999999602
1 0.2999999999999403
2 0.8399999999998329
3 0.13999999999997215
4 0.15999999999996817
2 0.6166666666695448
3 0.14333333333030396
4 0.11999999999997613
1 0.2599999999999483
2 0.8399999999998329
3 0.11999999999997613
4 0.1999999999999602
2 0.5199999999998965
3 0.13999999999997215
4 0.21999999999995623
1 0.2799999999999443
2 0.8599999999998289
3 0.13999999999997215
4 0.15999999999996817
2 0.5199999999998965
3 0.13999999999997215
4 0.1999999999999602
1 0.23999999999995225
3 0.8599999999998289
4 0.11999999999997613
5 0.1999999999999602
3 0.5399999999998926
4 0.11999999999997613
5 0.1999999999999602
1 0.2799999999999443
3 0.5833333333369666
3 0.600000000000307
3 0.5600000000002865
3 0.4400000000002251
3 0.28000000000014325
1 0.16000000000008185
3 0.3200000000001637
3 0.5400000000002763
3 0.5600000000002865
3 0.4400000000002251
3 0.24000000000012278
1 0.1800000000000921
1 0.28000000000014325
2 0.1800000000000921
3 0.3800000000001944
2 0.5600000000002865
3 0.1800000000000921
4 0.3800000000001944
3 0.5800000000002967
4 0.12000000000006139
5 0.42000000000021487
2 0.5600000000002865
3 0.16000000000008185
4 0.3800000000001944
1 0.520000000000266
2 0.20000000000010232
3 0.40000000000020464
2 0.5600000000002865
3 0.12000000000006139
4 0.42000000000021487
3 0.5600000000002865
4 0.12000000000006139
5 0.42000000000021487
2 0.5600000000002865
3 0.14000000000007162
4 0.4400000000002251
1 0.5800000000002967
2 0.12000000000006139
3 0.4400000000002251
2 0.520000000000266
3 0.14000000000007162
4 0.42000000000021487
3 0.5600000000002865
4 0.12000000000006139
5 0.4400000000002251
2 0.5600000000002865
3 0.14000000000007162
4 0.40000000000020464
1 0.5800000000002967
2 0.12000000000006139
3 0.4400000000002251
2 0.5400000000002763
3 0.14000000000007162
4 0.42000000000021487
1 0.5400000000002763
2 0.10000000000005116
3 0.14000000000007162
4 0.22000000000011255
5 0.14000000000007162
2 0.5000000000002558
3 0.14000000000007162
4 0.14000000000007162
5 0.3200000000001637
4 0.8633333333268638
3 0.24000000000012278
3 0.3200000000001637
2 0.14000000000007162
1 0.16000000000008185
2 0.28000000000014325
3 0.28000000000014325
4 0.8200000000004195
3 0.28000000000014325
3 0.3200000000001637
2 0.1800000000000921
1 0.16000000000008185
2 0.260000000000133
3 0.3000000000001535
4 0.86000000000044
3 0.260000000000133
3 0.3000000000001535
2 0.1800000000000921
1 0.14000000000007162
2 0.260000000000133
3 0.28000000000014325
3 0.8200000000004195
4 0.20000000000010232
3 0.12000000000006139
4 0.16000000000008185
3 0.14000000000007162
4 0.1800000000000921
3 0.12000000000006139
4 0.14000000000007162
3 0.12000000000006139
4 0.10000000000005116
1 0.1800000000000921
1 0.28000000000014325
2 0.12000000000006139
2 0.4933333333277403
3 0.12000000000006139
4 0.14000000000007162
2 0.5600000000002865
3 0.12000000000006139
4 0.16000000000008185
1 0.3000000000001535
2 0.86000000000044
3 0.12000000000006139
4 0.14000000000007162
2 0.600000000000307
3 0.12000000000006139
4 0.20000000000010232
1 0.3000000000001535
2 0.8000000000004093
3 0.16000000000008185
4 0.1800000000000921
2 0.5600000000002865
3 0.14000000000007162
4 0.1800000000000921
1 0.24000000000012278
3 0.9200000000004707
4 0.10000000000005116
5 0.1800000000000921
3 0.5400000000002763
4 0.14000000000007162
5 0.16000000000008185
1 0.3200000000001637
2 0.8400000000004297
3 0.12000000000006139
4 0.1800000000000921
2 0.5600000000002865
3 0.14000000000007162
4 0.20000000000010232
1 0.28000000000014325
2 0.8400000000004297
3 0.14000000000007162
4 0.16000000000008185
2 0.5600000000002865
3 0.14000000000007162
4 0.20000000000010232
1 0.28000000000014325
2 0.86000000000044
3 0.14000000000007162
4 0.1800000000000921
2 0.5000000000002558
3 0.14000000000007162
4 0.20000000000010232
1 0.28000000000014325
3 0.8400000000004297
4 0.12000000000006139
5 0.16000000000008185
3 0.5600000000002865
4 0.10000000000005116
5 0.1800000000000921
1 0.3000000000001535
2 0.8833333333238329
3 0.14000000000007162
4 0.1800000000000921
2 0.5000000000002558
3 0.16000000000008185
4 0.16000000000008185
1 0.3200000000001637
2 0.8800000000004502
3 0.16000000000008185
4 0.16000000000008185
2 0.5600000000002865
3 0.14000000000007162
4 0.1800000000000921
1 0.3000000000001535
2 0.849999999997209
3 0.16000000000008185
5 0.14000000000007162
2 0.5400000000002763
3 0.12000000000006139
5 0.1800000000000921
1 0.31000000000338446
4 3.169999999998396
4 0.3000000000001535
3 0.3000000000001535
2 0.14000000000007162
1 0.14000000000007162
2 0.3000000000001535
3 0.28000000000014325
4 0.9000000000004604
3 0.22000000000011255
3 0.3200000000001637
2 0.14000000000007162
1 0.14000000000007162
2 0.3000000000001535
3 0.3200000000001637
4 0.8200000000004195
3 0.260000000000133
3 0.3600000000001842
2 0.12000000000006139
1 0.14000000000007162
2 0.260000000000133
3 0.260000000000133
3 0.9200000000004707
4 0.14000000000007162
3 0.14000000000007162
4 0.14000000000007162
3 0.1800000000000921
4 0.14000000000007162
3 0.12000000000006139
4 0.14000000000007162
3 0.12000000000006139
4 0.12000000000006139
1 0.16000000000008185
1 0.3000000000001535
2 0.14000000000007162
3 0.21666666666078527
3 0.5000000000002558
3 0.600000000000307
3 0.4400000000002251
3 0.24000000000012278
1 0.20000000000010232
3 0.3000000000001535
3 0.16000000000008185
3 0.40000000000020464
3 0.16000000000008185
3 0.40000000000020464
3 0.16000000000008185
3 0.260000000000133
3 0.24000000000012278
1 0.1800000000000921
1 0.28000000000014325
2 0.12000000000006139
3 0.46000000000023533
2 0.5800000000002967
3 0.12000000000006139
4 0.42000000000021487
3 0.5400000000002763
4 0.14000000000007162
5 0.3800000000001944
2 0.600000000000307
3 0.14000000000007162
4 0.46000000000023533
1 0.5000000000002558
2 0.16000000000008185
3 0.42000000000021487
2 0.5600000000002865
3 0.14000000000007162
4 0.42000000000021487
3 0.5600000000002865
4 0.14000000000007162
5 0.40000000000020464
2 0.5800000000002967
3 0.14000000000007162
4 0.42000000000021487
1 0.5600000000002865
2 0.12000000000006139
3 0.4400000000002251
2 0.520000000000266
3 0.14000000000007162
4 0.4400000000002251
3 0.5400000000002763
4 0.14000000000007162
5 0.4400000000002251
2 0.5600000000002865
3 0.14000000000007162
4 0.42000000000021487
1 0.5600000000002865
2 0.14000000000007162
3 0.42000000000021487
2 0.5600000000002865
3 0.12000000000006139
4 0.4400000000002251
3 0.5400000000002763
4 0.14000000000007162
5 0.42000000000021487
2 0.5600000000002865
3 0.1800000000000921
4 0.40000000000020464
3 0.5533333333215182
3 0.1800000000000921
3 0.42000000000021487
3 0.16000000000008185
3 0.42000000000021487
3 0.16000000000008185
3 0.3000000000001535
3 0.28000000000014325
1 0.16000000000008185
3 0.28000000000014325
3 0.14000000000007162
3 0.4400000000002251
3 0.14000000000007162
3 0.42000000000021487
3 0.16000000000008185
3 0.34000000000017394
3 0.260000000000133
1 0.16000000000008185
3 0.3000000000001535
3 0.12000000000006139
3 0.42000000000021487
3 0.12000000000006139
3 0.42000000000021487
3 0.48000000000024556
3 0.28000000000014325
1 0.14000000000007162
3 0.34000000000017394