2 1.05
1 .075
3 .075
1 .075
4 .075
1 .075
2 .075
1 .075
3 .075
1 .075
4 .075
1 .075
5 .075
1 .075
4 .075
1 .075
5 .075
1 .075
3 .075
1 .075
4 .075
1 .075
2 .075
1 .075
5 .075
1 .075
3 .075
1 .075
4 .075
1 .075
3 .075
1 .075
2 .075
1 .075
3 .075
1 .075
4 .075
1 .075
2 .075
1 .075
3 .075
1 .075
4 .075
1 .075
5 .075
1 .075
4 .075
1 .075
5 .075
1 .075
3 .075
1 .075
4 .075
1 .075
2 .075
1 .075
5 .075
1 .075
3 .075
1 .075
4 .075
1 .075
3 .075
1 .075
2 .075
1 .075
3 .075
1 .075
4 .075
1 .075
2 .075
1 .075
3 .075
1 .075
4 .075
1 .075
5 .075
1 .075
4 .075
1 .075
5 .075
1 .075
3 .075
1 .075
4 .075
1 .075
2 .075
1 .075
5 .075
1 .075
3 .075
1 .075
4 .075
1 .075
3 .075
1 .075
2 .075
1 .075
3 .075
1 .075
4 .075
1 .075
2 .075
1 .075
3 .075
1 .075
4 .075
1 .075
5 .075
1 .075
4 .075
1 .075
5 .075
1 .075
3 .075
1 .075
4 .075
1 .075
2 .075
1 .075
5 .075
1 .075
3 .075
1 .075
4 .075
1 .075
3 .075
1 .075
2 .075
1 .075
3 .075
1 .075
4 .075
1 .075
2 .075
1 .075
3 .075
1 .075
4 .075
1 .075
5 .075
1 .075
4 .075
1 .075
5 .075
1 .075
3 .075
1 .075
4 .075
1 .075
2 .075
1 .075
5 .075
1 .075
3 .075
1 .075
4 .075
1 .075
3 .075
1 .075
2 .075
1 .075
3 .075
1 .075
4 .075
1 .075
2 .075
1 .075
3 .075
1 .075
4 .075
1 .075
5 .075
1 .075
4 .075
1 .075
5 .075
1 .075
3 .075
1 .075
4 .075
1 .075
2 .075
1 .075
5 .075
1 .075
3 .075
1 .075
4 .075
1 .075
3 .075
1 .075
2 .075
1 .075
3 .075
1 .075
4 .075
1 .075
2 .075
1 .075
3 .075
1 .075
4 .075
1 .075
5 .075
1 .075
4 .075
1 .075
5 .075
1 .075
3 .075
1 .075
4 .075
1 .075
2 .075
1 .075
5 .075
1 .075
3 .075
1 .075
4 .075
1 .075
3 .075
1 .075
2 .075
1 .075
3 .075
1 .075
4 .075
1 .075
2 .075
1 .075
3 .075
1 .075
4 .075
1 .075
5 .075
1 .075
4 .075
1 .075
5 .075
4 .075
3 .075
2 .075
1 .075
1 .075
2 .075
3 .075
4 .075
5 .075
5 .075
4 .075
3 .075
2 .075
1 .075
2 .075
3 .075
3 .075
3 .075
3 .075
1 .075
1 .075
3 .075
3 .075
3 .075
3 .075
1 .075
1 .075
3 .075
3 .075
1 .075
1 .075
3 .075
3 .075
3 .075
3 .075
1 .075
1 .075
3 .075
3 .075
3 .075
3 .075
1 .075
1 .075
3 .075
3 .075
1 .075
1 .075
5 .075
5 .075
5 .075
5 .075
1 .075
1 .075
5 .075
5 .075
5 .075
5 .075
1 .075
1 .075
5 .075
5 .075
1 .075
1 .075
5 .075
5 .075
5 .075
5 .075
1 .075
1 .075
5 .075
5 .075
5 .075
5 .075
1 .075
1 .075
5 .075
5 .075
1 .075
1 .075
4 .075
4 .075
4 .075
4 .075
1 .075
1 .075
4 .075
4 .075
4 .075
4 .075
1 .075
1 .075
4 .075
4 .075
1 .075
1 .075
4 .075
4 .075
4 .075
4 .075
1 .075
1 .075
4 .075
4 .075
4 .075
4 .075
1 .075
1 .075
4 .075
4 .075
1 .075
1 .075
3 .075
3 .075
3 .075
3 .075
1 .075
1 .075
3 .075
3 .075
3 .075
3 .075
1 .075
1 .075
3 .075
3 .075
1 .075
1 .075
2 .075
1 .075
2 .075
3 .075
4 .075
5 .075
2 .075
3 .075
4 .075
5 .075
4 .075
3 .15
3 .3
3 .075
3 .075
3 .075
1 .075
1 .075
3 .075
3 .075
3 .075
3 .075
1 .075
1 .075
3 .075
3 .075
1 .075
1 .075
3 .075
3 .075
3 .075
3 .075
1 .075
1 .075
3 .075
3 .075
3 .075
3 .075
1 .075
1 .075
3 .075
3 .075
1 .075
1 .075
5 .075
5 .075
5 .075
5 .075
1 .075
1 .075
5 .075
5 .075
5 .075
5 .075
1 .075
1 .075
5 .075
5 .075
1 .075
1 .075
5 .075
5 .075
5 .075
5 .075
1 .075
1 .075
5 .075
5 .075
5 .075
5 .075
1 .075
1 .075
5 .075
5 .075
1 .075
1 .075
4 .075
4 .075
4 .075
4 .075
1 .075
1 .075
4 .075
4 .075
4 .075
4 .075
1 .075
1 .075
4 .075
4 .075
1 .075
1 .075
4 .075
4 .075
4 .075
4 .075
1 .075
1 .075
4 .075
4 .075
4 .075
4 .075
1 .075
1 .075
4 .075
4 .075
1 .075
1 .075
5 .075
4 .075
3 .075
2 .075
3 .075
4 .075
3 .075
4 .075
5 .075
4 .075
3 .075
2 .075
3 .075
4 .075
3 .075
4 .075
5 .075
4 .075
5 .075
4 .075
5 .075
4 .075
5 .075
4 .075
5 .075
4 .075
5 .075
4 .075
5 .075
4 .075
5 .075
4 .075
3 .075
5 0
1 2.3
3 0
2 2.5
4 0
2 2.4
4 0
2 .3
4 0
2 .3
4 0
2 .15
4 0
2 .3
4 0
3 .15
5 0
2 .075
3 .075
4 .075
5 .075
4 .075
3 .075
2 .075
1 .075
2 .075
3 .075
4 .075
5 .075
4 .15
5 .075
3 .075
3 .075
3 .075
3 .075
5 .075
3 .075
3 .075
3 .075
4 .075
3 .075
3 .075
3 .075
5 .075
3 .075
3 .075
3 .075
3 .075
3 .075
3 .075
3 .075
5 .075
3 .075
3 .075
3 .075
3 .075
3 .15
4 0
3 .3
4 0
1 .15
2 0
1 .075
1 .075
1 .075
1 .075
1 .075
1 .075
1 .075
1 .075
1 .075
1 .075
1 .075
1 .075
1 .075
1 .075
1 .075
1 .075
1 .075
1 .075
1 .075
1 .075
1 .075
1 .075
1 .075
1 .075
1 .075
1 .075
1 .075
1 .075
1 .075
1 .075
1 .075
2 .075
2 .15
4 0
2 .3
3 0
2 .15
4 0
2 .15
2 .075
2 .075
2 .075
2 .075
2 .075
2 .075
2 .15
4 0
2 .3
3 0
2 .15
4 0
2 .15
2 .075
2 .075
2 .075
2 .075
2 .075
3 .075
3 .15
3 .15
4 0
3 .075
4 0
3 .075
4 0
3 .075
4 0
3 .075
3 .15
3 .15
4 0
3 .075
4 0
3 .075
4 0
3 .075
4 0
3 .075
4 .15
5 0
3 .3
4 0
4 .15
5 0
3 .15
4 0
2 .15
3 0
1 .15
2 0
1 .15
1 .075
1 .075
1 .075
2 .075
2 .075
2 .075
2 .075
3 .075
3 .075
2 .075
2 .075
3 .075
3 .075
4 .075
4 .075
5 .075
5 .075
4 .075
4 .075
3 .075
3 .075
2 .075
2 .075
3 .075
3 .075
4 .075
3 .15
4 .06
1 .24
1 .15
1 .075
2 .075
1 .075
1 .075
1 .075
3 .075
1 .075
1 .075
1 .075
2 .075
1 .075
1 .075
1 .075
1 .075
1 .15
1 .075
2 .075
1 .075
1 .075
1 .075
3 .075
1 .075
1 .075
1 .075
2 .075
1 .075
1 .075
1 .075
2 .075
2 .15
2 .075
2 .075
2 .15
4 .15
2 .15
4 .15
5 .15
2 .15
2 .15
2 .075
2 .075
2 .15
4 .15
3 .15
4 .15
5 .15
4 .15
5 0
4 .075
4 .075
4 .075
4 .075
4 .075
4 .075
4 .075
4 .075
4 .075
4 .075
4 .075
4 .075
4 .075
4 .075
4 .075
4 .075
4 .15
5 0
4 .3
5 0
3 .3
4 0
2 .3
3 0
3 .15
1 .15
1 .15
5 .15
1 .15
1 .15
4 .15
1 .15
3 .15
1 .15
1 .15
5 .15
1 .15
1 .15
4 .15
1 .15
3 .15
2 .075
1 .075
3 .075
4 .075
2 .075
3 .075
2 .075
1 .075
2 .075
3 .075
2 .075
3 .075
2 .075
1 .075
2 .075
3 .075
2 .075
1 .075
2 .075
3 .075
2 .075
3 .075
2 .075
1 .075
2 .075
3 .075
2 .075
3 .075
2 .075
1 .075
2 .075
5 .075
1 .15
1 .15
4 .15
1 .15
1 .15
3 .15
1 .15
5 .15
1 .15
1 .15
4 .15
1 .15
1 .15
3 .15
1 .15
4 .15
3 .075
2 .075
3 .075
4 .075
3 .075
4 .075
3 .075
4 .075
3 .075
2 .075
3 .075
4 .075
3 .075
4 .075
3 .075
1 .075
2 .075
3 .075
1 .075
2 .075
3 .075
2 .075
3 .075
4 .075
2 .075
3 .075
4 .075
2 .075
3 .075
4 .075
5 .075
4 .075
5 0
2 1.2
4 0
3 .9
4 0
2 .15
3 0
1 .15
2 0
1 1.2
1 .075
1 .075
2 .15
1 .15
3 .15
1 .15
5 .15
4 .3
2 .15
2 .15
4 .15
2 .15
2 .15
4 .15
5 .15
3 .15
1 .15
1 .15
3 .15
1 .15
1 .15
4 .15
5 .15
1 .15
2 0
1 .075
1 .075
1 .075
1 .075
1 .075
1 .075
1 .075
1 .075
1 .075
1 .075
1 .075
1 .075
1 .075
1 .075
1 .075
1 .075
1 .075
1 .075
1 .075
1 .075
1 .075
1 .075
1 .075
1 .075
1 .075
1 .075
1 .075
1 .075
1 .075
1 .075
1 .075
2 .075
4 0
3 .9
4 0
2 .15
3 0
1 .15
2 0
3 1.2
1 .15
1 .15
2 .15
1 .15
1 .15
3 .15
2 .15
2 .15
2 .075
1 .075
1 .075
2 .075
2 .075
3 .075
3 .075
4 .075
4 .075
3 .075
3 .075
2 .075
2 .075
1 .075
1 .075
2 .075
2 .075
2 .075
2 .075
3 .075
3 .075
2 .075
2 .075
4 .075
4 .075
1 .075
1 .075
4 .075
4 .075
5 .075
5 .075
2 .075
2 .075
2 .075
2 .075
3 .075
3 .075
2 .075
2 .075
4 .075
4 .075
2 .075
2 .075
4 .075
4 .075
5 .075
5 .075
1 .075
1 .075
1 .075
1 .075
2 .075
2 .075
1 .075
1 .075
3 .075
3 .075
1 .075
1 .075
3 .075
3 .075
4 .075
4 .075
1 .075
2 .075
3 .075
1 .075
2 .075
3 .075
2 .075
3 .075
4 .075
2 .075
3 .075
4 .075
2 .075
3 .075
4 .075
5 .075
1 .075
2 0
3 2.4
5 0
2 2.4
3 0
2 .075
2 .075
2 .075
2 .075
2 .075
2 .075
2 .075
2 .075
2 .075
2 .075
2 .075
2 .075
2 .075
2 .075
2 .075
2 .075
2 .075
2 .075
2 .075
2 .075
2 .075
2 .075
2 .075
2 .075
2 .075
2 .075
2 .075
2 .075
2 .075
2 .075
2 .075
1 .075
2 0
4 1.2
2 .1
1 .1
4 .1
2 .1
1 .1
5 .1
2 .1
1 .1
4 .1
2 .1
1 .1
1 .1
2 0
3 2.4
5 0
2 2.4
3 0
2 .15
2 .075
2 .075
2 .075
2 .075
2 .075
3 0
2 .075
2 .075
2 .075
2 .075
2 .075
2 .075
2 .075
2 .075
2 .075
2 .075
3 0
4 1.2
4 .15
3 .3
4 .15
3 .15
2 .15
3 .075
2 .075
4 .15
4 .15
2 .3
3 .15
4 .15
5 .15
3 .3
3 .15
2 .3
2 .075
3 .075
3 .075
4 .075
4 .075
5 .075
5 .075
3 .075
3 .075
1 .075
2 .15
3 .15
4 .15
4 .75
3 .15
2 .15
1 .15
1 .3
2 .06
2 .09
3 .06
3 .09
4 .06
4 .09
5 .06
1 .09
1 .15
2 .06
3 .09
4 .06
5 .24
4 .15
3 .075
2 .075
4 .15
5 .06
5 .09
3 .15
4 .15
5 .06
5 .09
3 .15
4 .15
5 .06
4 .09
5 .15
4 .05
5 .05
4 .05
5 .05
4 .05
3 .05
5 .05
4 .05
5 .05
4 .05
5 .05
4 .05
5 .05
4 .05
5 .05
3 .05
2 .1
3 .05
2 .05
1 .05
2 .05
3 .05
3 .05
3 .15
2 .3
3 .15
3 .075
2 .075
2 .075
1 .075
1 .075
1 .075
1 .075
3 .075
3 .15
1 .225
2 .075
2 .075
3 .075
3 .075
4 .075
4 .075
5 .075
3 .3
5 .075
3 .075
5 .075
3 .075
5 .075
2 .075
4 .075
2 .075
4 .075
2 .075
4 .075
1 .075
4 .075
1 .075
2 .15
1 .15
3 .15
4 .075
4 .675
4 .15
4 .3
3 .075
4 .075
3 .15
2 .15
1 .15
4 .15
4 .15
2 .3
3 .075
4 .075
5 .15
5 .15
5 .3
4 .05
5 .05
3 .05
5 .05
4 .05
3 .05
2 .05
5 .05
4 .05
5 .05
3 .05
5 .05
4 .05
3 .05
2 .05
5 .05
4 .05
5 .05
3 .05
5 .05
4 .05
3 .05
2 .05
4 .05
4 .075
4 .075
4 .075
4 .075
5 .075
4 .225
3 .225
2 .225
5 .225
2 2.4
2 .15
4 .15
2 .15
4 .15
3 .15
2 .15
1 .15
2 .15
2 .15
4 .15
2 .15
4 .15
3 .15
2 .15
1 .15
2 .15
2 .15
4 .15
2 .15
4 .15
3 .15
2 .15
1 .15
2 .15
2 .15
4 .15
2 .15
4 .15
3 .15
2 .15
1 .15
2 .15
2 .15
4 .15
2 .15
4 .15
3 .15
2 .15
1 .15
2 .15
2 .15
4 .15
2 .15
4 .15
3 .15
2 .15
1 .15
3 .15
4 .075
5 .075
4 .075
3 .075
4 .075
5 .075
5 .075
5 .075
4 .075
3 .075
4 .075
5 .075
5 .075
4 .075
3 .075
1 .075
5 0
3 1.2
3 .075
3 .075
3 .075
5 .075
3 .075
3 .075
3 .075
4 .075
3 .075
3 .075
3 .075
5 .075
3 .075
3 .075
3 .075
3 .075
3 .075
3 .075
3 .075
5 .075
3 .075
3 .075
3 .075
3 .075
3 .15
4 0
3 .3
4 0
1 .15
2 0
1 .075
1 .075
1 .075
1 .075
1 .075
1 .075
1 .075
1 .075
1 .075
1 .075
1 .075
1 .075
1 .075
1 .075
1 .075
1 .075
1 .075
1 .075
1 .075
1 .075
1 .075
1 .075
1 .075
1 .075
1 .075
1 .075
1 .075
1 .075
1 .075
1 .075
1 .075
2 .075
2 .15
4 0
2 .3
3 0
2 .15
4 0
2 .15
2 .075
2 .075
2 .075
2 .075
2 .075
2 .075
2 .15
4 0
2 .3
3 0
2 .15
4 0
2 .15
2 .075
2 .075
2 .075
2 .075
2 .075
3 .075
3 .15
3 .15
4 0
3 .075
4 0
3 .075
4 0
3 .075
4 0
3 .075
3 .15
3 .15
4 0
3 .075
4 0
3 .075
4 0
3 .075
4 0
3 .075
1 .15
2 0
2 .3
3 0
3 .15
4 0
3 .15
5 .15
3 .3
1 .15
1 .15
5 .15
1 .15
1 .15
4 .15
1 .15
3 .15
1 .15
1 .15
5 .15
1 .15
1 .15
4 .15
1 .15
3 .15
2 .075
1 .075
2 .075
3 .075
2 .075
3 .075
2 .075
1 .075
2 .075
3 .075
2 .075
3 .075
2 .075
1 .075
2 .075
3 .075
2 .075
4 .075
5 .075
4 .15
3 .225
2 .15
1 .15
5 .225
1 .15
1 .15
4 .15
1 .15
1 .15
3 .15
1 .15
5 .15
1 .15
1 .15
4 .15
1 .15
1 .15
3 .15
1 .15
4 .15
3 .075
2 .075
3 .075
4 .075
3 .075
4 .075
3 .075
4 .075
3 .075
2 .075
3 .075
4 .075
3 .075
4 .075
3 .075
5 .075
4 .075
3 .075
5 .075
4 .075
3 .075
4 .075
3 .075
2 .075
4 .075
3 .075
2 .075
4 .075
3 .075
2 .075
1 .075
3 .075
4 0
2 1.2
4 0
3 .9
4 0
2 .15
3 0
1 .15
2 0
1 1.2
1 .075
1 .075
2 .15
1 .15
3 .15
1 .15
5 .15
4 .3
2 .15
2 .15
4 .15
2 .15
2 .15
4 .15
5 .15
3 .15
1 .15
1 .15
3 .15
1 .15
1 .15
4 .15
5 .15
1 .15
2 0
1 .075
1 .075
1 .075
1 .075
1 .075
1 .075
1 .075
1 .075
1 .075
1 .075
1 .075
1 .075
1 .075
1 .075
1 .075
1 .075
1 .075
1 .075
1 .075
1 .075
1 .075
1 .075
1 .075
1 .075
1 .075
1 .075
1 .075
1 .075
1 .075
1 .075
1 .075
2 .075
4 0
2 .9
4 0
2 .15
3 0
1 .15
2 0
3 1.2
1 .15
1 .15
2 .15
1 .15
1 .15
3 .15
2 .15
2 .15
2 .075
1 .075
1 .075
2 .075
2 .075
3 .075
3 .075
4 .075
4 .075
3 .075
3 .075
2 .075
2 .075
1 .075
1 .075
2 .075
2 .075
2 .075
2 .075
3 .075
3 .075
2 .075
2 .075
4 .075
4 .075
2 .075
2 .075
4 .075
4 .075
5 .075
5 .075
2 .075
2 .075
2 .075
2 .075
3 .075
3 .075
2 .075
2 .075
4 .075
4 .075
2 .075
2 .075
4 .075
4 .075
5 .075
5 .075
1 .075
1 .075
1 .075
1 .075
2 .075
2 .075
1 .075
1 .075
3 .075
3 .075
1 .075
1 .075
3 .075
3 .075
4 .075
4 .075
1 .075
2 .075
1 .075
3 .075
2 .075
3 .075
2 .075
4 .075
3 .075
4 .075
3 .075
5 .075
4 .075
5 .075
4 .075
5 .075
1 .075
2 0
3 2.4
5 0
2 2.4
3 0
2 .075
2 .075
2 .075
2 .075
2 .075
2 .075
2 .075
2 .075
2 .075
2 .075
2 .075
2 .075
2 .075
2 .075
2 .075
2 .075
2 .075
2 .075
2 .075
2 .075
2 .075
2 .075
2 .075
2 .075
2 .075
2 .075
2 .075
2 .075
2 .075
2 .075
2 .075
1 .075
2 0
3 1.2
2 .075
1 .075
2 .075
1 .075
2 .075
1 .075
2 .075
1 .075
3 .075
1 .075
2 .075
4 .075
2 .075
1 .075
2 .075
1 .075
2 0
3 2.4
5 0
4 2.1
2 .3
3 0
2 .15
2 .075
2 .075
2 .075
2 .075
3 0
2 .075
2 .075
2 .075
2 .075
2 .075
2 .075
2 .075
2 .075
2 .075
2 .075
3 0
4 1.2
4 .15
3 .3
4 .15
3 .15
2 .15
3 .075
2 .075
4 .15
4 .15
3 .3
2 .15
1 .15
3 .15
4 .06
4 .24
5 .06
5 .24
1 .15
2 .15
3 .15
4 .15
5 .06
3 .09
4 .15
5 .06
4 .09
3 .15
5 .15
5 .75
3 .15
2 .15
1 .15
1 .3
2 .15
3 .15
4 .15
5 .06
1 .09
2 .15
3 .15
4 .06
4 .24
5 .06
4 .09
3 .075
2 .075
1 .075
4 .075
5 .06
5 .09
2 .15
3 .15
4 .06
4 .09
3 .15
2 .15
3 .06
2 .09
3 .15
1 .225
5 .15
4 .225
1 .6
3 .15
3 .15
2 .15
3 .15
1 .15
3 .15
3 .075
2 .075
1 .075
2 .225
2 .15
1 .15
2 .15
3 .15
4 .15
5 .06
3 .24
5 .075
3 .075
5 .075
3 .075
5 .075
2 .075
4 .075
2 .075
4 .075
2 .075
4 .075
1 .075
4 .075
1 .075
4 .075
1 .075
2 .15
3 .15
4 .15
5 .06
4 .69
4 .15
3 .3
4 .075
3 .075
3 .15
2 .15
1 .15
4 .15
4 .15
3 .3
4 .075
3 .075
4 .15
4 .09
5 .06
5 .3
4 .075
3 .075
4 .075
5 .075
4 .075
5 .075
3 .075
2 .075
3 .075
4 .075
3 .075
4 .075
2 .075
1 .075
2 .075
4 .075
4 .075
4 .075
4 .075
5 .2
4 .24
3 .225
1 .15
5 .225
2 2
4 0
3 .3
5 0
2 2.25
4 0
3 .15
5 0
2 2.1
4 0
3 .3
5 0
1 2.4
2 0
3 2.4
2 .075
3 .075
2 .075
1 .075
2 .075
3 .075
4 .075
5 .075
4 .075
3 .075
2 .075
1 .075
2 .075
3 .075
2 .075
3 .075
2 .075
3 .075
2 .075
1 .075
2 .075
3 .075
4 .075
5 .075
4 .075
3 .075
2 .075
1 .075
2 .075
3 .075
2 .075
3 .075
2 .075
3 .075
2 .075
1 .075
2 .075
3 .075
4 .075
5 .075
4 .075
3 .075
2 .075
1 .075
2 .075
3 .075
2 .075
3 .075
2 .075
3 .075
2 .075
1 .075
2 .075
3 .075
4 .075
5 .075
4 .075
3 .075
2 .075
1 .075
2 .075
3 .075
2 .075
3 .075
2 .075
3 .075
2 .075
1 .075
2 .075
3 .075
4 .075
5 .075
4 .075
3 .075
2 .075
1 .075
2 .075
3 .075
2 .075
3 .075
2 .075
3 .075
2 .075
1 .075
2 .075
3 .075
4 .075
5 .075
4 .075
3 .075
2 .075
1 .075
2 .075
3 .075
2 .075
1 .075
4 0
2 1.2
1 .075
2 .075
1 .075
2 .075
1 .075
2 .075
1 .075
2 .075
1 .075
2 .075
1 .075
2 .075
3 .075
2 .075
3 .075
2 .075
3 .075
2 .075
3 .075
4 .075
3 .075
4 .075
3 .075
4 .075
3 .075
4 .075
3 .075
4 .075
5 .075
4 .075
5 .075
1 .075
2 .088
2 .088
2 .088
2 .088
2 .088
1 .088
2 .088
3 .088
3 .088
2 .088
2 .088
2 .088
2 .088
2 .088
2 .088
5 .088
5 .088
5 .088
4 .088
4 .088
4 .088
2 .088
2 .088
3 .088
3 .088
3 .088
2 .088
2 .088
2 .088
1 .088
1 .088
1 .088
2 .088
2 .088
2 .088
2 .088
2 .088
1 .088
2 .088
3 .088
3 .088
2 .088
2 .088
2 .088
2 .088
2 .088
2 .088
5 .088
5 .088
5 .088
4 .088
4 .088
4 .088
2 .088
2 .088
3 .088
3 .088
3 .088
2 .088
2 .088
2 .088
1 .088
1 .088
1 .088
2 .088
2 .088
2 .088
2 .088
2 .088
1 .088
2 .088
3 .088
3 .088
2 .088
2 .088
2 .088
2 .088
2 .088
2 .088
5 .088
5 .088
5 .088
4 .088
4 .088
4 .088
2 .088
2 .088
3 .088
3 .088
3 .088
2 .088
2 .088
2 .088
1 .088
1 .088
1 .088
2 .088
2 .088
2 .088
2 .088
2 .088
1 .088
2 .088
3 .088
3 .088
2 .088
2 .088
2 .088
2 .088
2 .088
2 .088
5 .088
5 .088
5 .088
4 .088
4 .088
4 .088
2 .088
2 .088
3 .088
3 .088
3 .088
2 .088
2 .088
2 .088
1 .088
1 .088
4 .088
4 .176
4 .352
5 .0704
4 .1056
3 .176
2 .176
3 .352
3 .176
5 .352
4 .176
3 .088
2 .088
1 .088
1 .088
2 .0704
2 .2816
3 .088
2 .088
3 .088
4 .088
5 .088
4 .088
5 .088
3 .088
4 .088
3 .088
4 .088
2 .088
3 .088
2 .088
3 .088
4 .088
4 .088
3 .088
3 .088
1 .088
1 .088
2 .088
2 .088
2 .088
2 .088
3 .088
2 .088
3 .088
4 .0704
5 .1056
3 .176
4 .0704
4 .1056
3 .352
2 .05866
4 .05866
5 .05866
4 .225
3 .225
3 .176
4 .0704
3 .2816
2 .176
4 .176
3 .088
4 .088
5 .088
2 .088
3 .528
3 .088
3 .088
2 .088
3 .088
4 .088
3 .088
2 .088
3 .088
3 .088
3 .088
2 .088
3 .088
4 .088
3 .088
2 .088
3 .088
2 .088
3 .088
4 .088
5 .088
4 .088
3 .088
2 .088
1 .088
1 .176
2 .088
1 .088
2 .088
1 .088
2 .088
1 .088
2 .088
2 .088
2 .088
2 .088
2 .088
1 .088
2 .088
3 .088
3 .088
2 .088
2 .088
2 .088
2 .088
2 .088
2 .088
5 .088
5 .088
5 .088
4 .088
4 .088
4 .088
2 .088
2 .088
3 .088
3 .088
3 .088
2 .088
2 .088
2 .088
1 .088
1 .088
1 .088
2 .088
2 .088
2 .088
2 .088
2 .088
1 .088
2 .088
3 .088
3 .088
2 .088
2 .088
2 .088
2 .088
2 .088
2 .088
5 .088
5 .088
5 .088
4 .088
4 .088
4 .088
2 .088
2 .088
3 .088
3 .088
3 .088
2 .088
2 .088
2 .088
1 .088
1 .088
1 .088
2 .088
2 .088
2 .088
2 .088
2 .088
1 .088
2 .088
3 .088
3 .088
2 .088
2 .088
2 .088
2 .088
2 .088
2 .088
5 .088
5 .088
5 .088
4 .088
4 .088
4 .088
2 .088
2 .088
3 .088
3 .088
3 .088
2 .088
2 .088
2 .088
1 .088
1 .088
1 .088
2 .088
2 .088
2 .088
2 .088
2 .088
1 .088
2 .088
3 .088
3 .088
2 .088
2 .088
2 .088
2 .088
2 .088
2 .088
5 .088
5 .088
5 .088
4 .088
4 .088
4 .088
2 .088
2 .088
3 .088
3 .088
3 .088
2 .088
2 .088
2 .088
1 .088
1 .088
2 .088
2 .088
2 .088
2 .088
5 .088
2 .176
4 .176
2 .176
1 .176
3 .176
2 .176
3 .176
4 .352
4 .176
5 0
1 .704
2 .088
3 .088
2 .088
1 .088
2 .088
3 .088
4 .088
5 .088
3 .088
4 .088
3 .088
2 .088
1 .088
3 .088
2 .088
3 .088
4 .088
5 .088
2 .088
4 .088
5 .088
4 .088
2 .088
1 .088
2 .088
3 .088
4 .088
5 .088
3 .352
3 .352
4 .088
3 .088
2 .176
4 .352
5 .088
2 .088
1 .176
2 .088
3 .088
4 .088
5 .088
4 .352
3 .088
2 .088
4 .088
5 .44
4 .088
5 .088
3 .088
4 .088
3 .088
4 .088
2 .088
3 .088
2 .088
2 .088
1 .088
2 .088
3 .088
2 .088
3 .088
2 .088
1 .088
2 .088
2 .088
3 .088
4 .088
3 .088
2 .05866
3 .05866
4 .05866
3 .05866
4 .05866
3 .05866
5 .05866
4 .05866
3 .05866
3 .088
5 .176
4 .088
4 .15
4 .075
4 .075
3 .15
2 .15
1 .15
2 .15
3 .15
4 .15
4 .15
4 .075
4 .075
2 .15
3 .15
5 .15
4 .15
4 .3
4 .15
4 .075
4 .075
3 .15
2 .15
1 .15
2 .15
3 .15
4 .15
5 .075
4 .075
3 .075
1 .075
2 .075
3 .075
4 .075
5 .075
4 .075
3 .075
2 .075
5 .075
4 .3
4 .15
4 .075
4 .075
3 .15
2 .15
1 .15
2 .15
3 .15
4 .15
4 .15
4 .075
4 .075
2 .15
1 .15
5 .15
4 .15
4 .3
4 .15
4 .075
4 .075
3 .15
2 .15
1 .15
2 .15
3 .15
5 .15
4 .075
3 .075
2 .075
1 .075
2 .075
3 .075
4 .075
1 .075
2 0
2 .15
3 0
3 .15
4 0
4 .15
5 0
5 .15
3 .075
1 .075
3 .075
5 .075
3 .075
1 .075
3 .075
4 .075
5 0
3 .15
4 0
2 .15
3 0
1 .15
2 0
1 .15
2 .075
3 .075
4 .075
2 .075
3 .075
4 .075
5 .075
1 .075
2 .075
3 .075
4 .075
2 .075
3 .075
4 .075
5 .075
5 .075
4 .075
3 .075
4 .075
3 .075
2 .075
1 .075
2 .075
3 .075
4 .075
2 .075
3 .075
2 .075
3 .075
4 .075
5 .075
1 .075
2 .075
3 .075
2 .075
3 .075
4 .075
5 .075
2 .15
3 .075
4 .075
3 .075
4 .075
5 .075
5 .225
4 .075
3 .075
2 .075
1 .075
2 .075
3 .075
4 .075
5 .075
1 .075
2 .075
3 .075
2 .075
3 .075
4 .075
3 .075
4 .075
3 .075
5 .075
4 .075
3 .075
2 .075
4 .15
5 .075
4 .45
5 .15
3 .075
5 .075
2 .075
5 .075
3 .15
1 .15
2 .075
3 .075
4 .075
3 .075
4 .075
5 .075
5 .15
3 .075
5 .075
2 .075
5 .075
2 .15
2 .15
1 .075
2 .075
3 .075
4 .075
1 .3
2 .075
3 .075
4 .075
3 .075
4 .075
5 .075
4 .075
3 .075
4 .075
3 .075
3 .075
2 .075
3 .075
2 .075
1 .075
5 .075
4 .075
3 .075
2 .075
4 .075
3 .075
2 .075
1 .075
1 .075
2 .075
3 .075
4 .075
2 .075
3 .075
4 .075
5 .075
3 .075
2 .3
5 .15
4 .3
3 .15
2 .15
4 .15
3 .15
2 .15
1 .15
2 .15
3 .15
4 .15
3 .3
3 .15
3 .15
4 .15
3 .15
2 .15
1 .15
4 .3
4 .15
4 .15
5 .15
4 .15
3 .15
2 .15
1 .3
2 .075
3 .075
4 .075
5 .075
5 .075
4 .075
3 .075
2 .075
4 .075
5 .075
4 .075
3 .075
4 .075
3 .075
2 .075
3 .075
2 .1
1 .1
2 .1
3 .1
4 .1
5 .1
4 .075
3 .075
4 .075
5 .075
4 .3
3 .075
4 .075
3 .075
4 .075
3 .075
2 .075
3 .075
4 .075
3 .075
4 .075
3 .075
4 .075
3 .075
2 .075
3 .075
4 .075
3 .075
4 .075
3 .075
4 .075
3 .075
2 .075
3 .075
4 .075
5 .3
1 .3
2 .075
3 .075
1 .075
2 .075
3 .075
2 .075
3 .075
4 .075
2 .075
3 .075
4 .075
2 .075
3 .075
4 .075
5 .075
3 .075
4 .075
3 .075
4 .075
5 .225
4 .15
3 .15
2 .15
5 .3
3 .075
5 .075
3 .075
5 .075
3 .075
5 .075
3 .075
1 .075
3 .075
1 .075
3 .075
1 .075
3 .075
1 .075
3 .075
5 .075
5 .075
5 .075
5 .075
4 .075
3 .15
4 .15
3 .15
2 .15
3 .15
3 .15
1 .075
2 .075
1 .075
3 .075
1 .075
2 .075
1 .075
3 .075
1 .075
4 .075
1 .075
3 .075
1 .075
2 .075
1 .075
5 .075
4 .075
3 .075
2 .075
1 .075
2 .075
3 .075
4 .075
5 .075
3 .075
4 .075
5 .075
4 .075
3 .15
3 .15
2 .075
3 .075
2 .075
4 .075
2 .075
5 .075
2 .075
5 .075
4 .075
3 .075
2 .075
1 .075
1 .3
2 .075
3 .075
2 .075
3 .075
4 .075
3 .075
4 .075
5 .075
4 .075
5 .075
4 .075
5 .075
4 .075
5 .075
4 .075
4 .075
5 .075
4 .375
5 .075
4 .375
4 .075
5 .075
4 .15
3 .15
2 .15
1 .6
4 .15
3 .15
2 .15
1 .15
2 .075
3 .075
4 .15
5 .15
3 .15
4 .15
5 .15
3 .15
5 .375
1 .9
2 .075
3 .225
3 .225
4 .075
4 .225
5 .075
4 .3
4 .15
5 .225
3 .3
5 .225
4 .15
3 .15
2 .15
1 .15
2 .15
4 .15
3 .15
1 .3
3 .15
2 .15
3 .15
1 .15
2 .15
3 .3
5 .15
3 .15
2 .15
1 .15
4 .15
3 .15
2 .15
1 .15
2 .15
3 .15
4 .15
5 .15
4 .1
3 .1
4 .1
4 .3
5 .06
3 .24
4 .06
2 .24
3 .06
1 .24
2 .06
3 .24
4 .075
3 .075
4 .075
3 .075
4 .075
4 .075
5 .075
4 .075
5 .075
4 .075
5 .075
4 .075
5 .075
5 .225
4 .06
3 .06
1 .06
3 .06
1 .06
3 .05
1 .05
5 .05
4 .05
3 .05
5 .05
4 .06
3 .06
1 .06
3 .06
1 .06
3 .05
1 .05
5 .05
4 .05
3 .05
5 .05
4 .05
3 .05
4 .10
3 .05
2 .05
4 .06
3 .06
2 .06
4 .06
3 .06
4 .075
3 .075
5 .15
3 .15
1 .15
2 .15
3 .075
3 .075
4 .075
5 .075
4 .075
3 .075
2 .075
4 .075
3 .075
2 .075
4 .075
3 .075
2 .075
1 .075
2 .075
3 .075
2 .075
3 .075
4 .075
3 .075
4 .075
5 .075
4 .06
3 .06
4 .06
3 .06
2 .06
2 .075
3 .075
4 .075
5 .075
5 .45
2 .3
2 .3
3 .15
4 .15
4 .3
5 .06
4 .24
3 .3
4 .15
3 .075
2 .075
1 .075
2 .075
3 .075
2 .075
1 .075
3 .075
2 .15
3 .075
2 .075
3 .075
2 .075
3 .075
2 .075
1 .15
3 .15
5 .15
4 .75
4 .15
3 .15
4 .15
3 .3
4 .15
3 .15
4 .15
4 .15
5 .075
4 .225
3 .3
5 .15
1 .3
2 .075
3 .075
2 .075
3 .075
2 .075
3 .075
4 .075
3 .075
4 .075
3 .075
4 .075
5 .075
3 .075
4 .075
5 .075
1 .075
2 .075
3 .075
2 .075
4 .075
3 .075
2 .075
3 .075
2 .075
1 .075
2 .075
3 .075
4 .075
3 .075
4 .075
5 .075
3 .225
3 .075
1 .075
1 .075
4 .075
4 .075
1 .075
1 .075
5 .075
5 .075
1 .075
1 .075
4 .075
4 .075
1 .075
1 .075
5 .075
3 .05
4 .05
5 .05
3 .05
4 .05
5 .05
3 .05
4 .05
5 .05
3 .05
4 .05
5 .05
3 .05
4 .05
5 .05
3 .05
4 .05
5 .05
3 .05
4 .05
5 .05
3 .05
4 .05
3 .05
3 .075
4 .075
4 .075
5 .075
4 .075
3 .075
2 .075
5 .075
4 .075
3 .075
2 .075
4 .075
3 .075
2 .075
4 .075
5 .075
5 .075
4 .075
3 .075
4 .075
4 .075
3 .075
2 .075
1 .075
2 .1
3 .1
4 .1
4 .3
3 .15
4 .15
4 .15
5 .06
2 .24
2 .15
1 .15
5 .15
4 .15
5 .06
3 .24
2 .15
1 .15
3 .15
2 .06
3 .06
2 .06
3 .06
1 .06
1 .075
2 .075
3 .075
2 .075
3 .075
4 .075
5 .075
4 .075
3 .075
4 .075
3 .075
4 .075
3 .075
4 .075
3 .075
5 .075
4 .05
3 .05
5 .05
4 .05
3 .05
5 .05
4 .05
2 .05
5 .05
4 .05
2 .05
5 .05
4 .05
2 .05
5 .05
4 .05
1 .05
5 .05
4 .05
1 .05
5 .05
4 .05
1 .05
1 .075
5 0
1 2.4
2 0
2 2.4
3 0
2 2.4
4 0
1 2.4
5 0
1 2.4
2 0
2 2.4
3 0
5 2.4
5 .075
2 .075
2 .075
5 .075
5 .075
2 .075
2 .075
5 .075
5 .075
2 .075
2 .075
5 .075
5 .075
5 .075
2 .075
5 .075
4 .075
3 .075
2 .075
4 .375
3 .075
2 .075
1 .075
1 .375
2 0
3 2.4
5 0
2 2.4
3 0
2 .075
2 .075
2 .075
2 .075
2 .075
2 .075
2 .075
2 .075
2 .075
2 .075
2 .075
2 .075
2 .075
2 .075
2 .075
2 .075
2 .075
2 .075
2 .075
2 .075
2 .075
2 .075
2 .075
2 .075
2 .075
2 .075
2 .075
2 .075
2 .075
2 .075
2 .075
2 .075
1 .075
2 .075
3 .075
4 .075
2 .075
3 .075
4 .075
5 .075
1 .075
2 .075
3 .075
4 .075
2 .075
3 .075
4 .075
3 .075
2 .075
1 .075
2 .075
3 .075
2 .0375
1 .0375
2 .0375
3 .0375
2 .0375
1 .0375
2 .0375
4 .0375
2 .0375
1 .0375
2 .0375
4 .0375
2 .0375
1 .0375
2 .0375
5 .0375
2 .0375
1 .0375
2 .0375
5 .0375
2 .0375
1 .0375
2 .0375
5 .0375
5 .9
4 .15
5 .15
4 .45
3 .45
5 .3
3 .075
2 .075
1 .075
2 .075
3 .075
2 .075
1 .075
2 .075
3 .075
4 .075
5 .075
5 .075
4 .075
4 .075
5 .075
4 .075
5 .075
4 .075
3 .075
4 .075
3 .075
2 .075
3 .075
1 .075
2 .3
3 .3
3 .45
2 .45
3 .15
3 1.4
3 .075
3 .075
3 .075
1 .075
1 .075
3 .075
3 .075
3 .075
3 .075
1 .075
1 .075
3 .075
3 .075
1 .075
1 .075
3 .075
3 .075
3 .075
3 .075
1 .075
1 .075
3 .075
3 .075
3 .075
3 .075
1 .075
1 .075
3 .075
3 .075
1 .075
1 .075
5 .075
5 .075
5 .075
5 .075
1 .075
1 .075
5 .075
5 .075
5 .075
5 .075
1 .075
1 .075
5 .075
5 .075
1 .075
1 .075
5 .075
5 .075
5 .075
5 .075
1 .075
1 .075
5 .075
5 .075
5 .075
5 .075
1 .075
1 .075
5 .075
5 .075
1 .075
1 .075
4 .075
4 .075
4 .075
4 .075
1 .075
1 .075
4 .075
4 .075
4 .075
4 .075
1 .075
1 .075
4 .075
4 .075
1 .075
1 .075
4 .075
4 .075
4 .075
4 .075
1 .075
1 .075
4 .075
4 .075
4 .075
4 .075
1 .075
1 .075
4 .075
4 .075
1 .075
1 .075
3 .075
3 .075
3 .075
3 .075
1 .075
1 .075
3 .075
3 .075
3 .075
3 .075
1 .075
1 .075
3 .075
3 .075
1 .075
1 .075
2 .075
1 .075
2 .075
3 .075
4 .075
3 .075
2 .075
3 .075
4 .075
5 .075
4 .075
3 .075
4 .075
3 .075
2 .075
1 .075
3 .15
3 .075
3 .075
3 .075
1 .075
1 .075
3 .075
3 .075
3 .075
3 .075
1 .075
1 .075
3 .075
3 .075
1 .075
1 .075
3 .075
3 .075
3 .075
3 .075
1 .075
1 .075
3 .075
3 .075
3 .075
3 .075
1 .075
1 .075
3 .075
3 .075
1 .075
1 .075
5 .075
5 .075
5 .075
5 .075
1 .075
1 .075
5 .075
5 .075
5 .075
5 .075
1 .075
1 .075
5 .075
5 .075
1 .075
1 .075
5 .075
5 .075
5 .075
5 .075
1 .075
1 .075
5 .075
5 .075
5 .075
5 .075
1 .075
1 .075
5 .075
5 .075
1 .075
1 .075
4 .075
4 .075
4 .075
4 .075
1 .075
1 .075
4 .075
4 .075
4 .075
4 .075
1 .075
1 .075
4 .075
4 .075
1 .075
1 .075
4 .075
4 .075
4 .075
4 .075
1 .075
1 .075
4 .075
4 .075
4 .075
4 .075
1 .075
1 .075
4 .075
4 .075
1 .075
1 .075
2 .075
3 .075
4 .075
5 .075
4 .075
3 .075
2 .075
4 .075
3 .075
4 .075
3 .075
2 .075
3 .075
2 .075
1 .075
1 .075
2 .075
3 .075
4 .075
5 .075
4 .075
5 .075
4 .075
5 .075
4 .075
5 .075
4 .075
5 .075
4 .075
5 .075
3 .15
4 0
4 .15
5 0
4 .15
5 0
3 .15
4 0
4 .15
5 0
4 .15
5 0
3 .15
4 0
4 .15
5 0
4 .15
5 0
3 .15
4 0
3 .15
4 0
4 .15
5 0
4 .15
5 0
3 .15
4 0
2 .15
3 0
1 .15
2 0
1 .15
2 0
2 .15
3 0
2 .15
3 0
1 .15
2 0
2 .15
3 0
2 .15
3 0
1 .15
2 0
2 .15
3 0
2 .15
3 0
1 .15
2 0
1 .15
2 0
2 .15
3 0
3 .15
4 0
2 .15
3 0
1 .15
2 0
1 .15
2 0
2 .15
3 .06
2 .09
3 .06
2 .09
3 .06
4 .09
5 .06
4 .24
4 .06
2 .24
3 .06
2 .24
3 .06
2 .24
3 .06
2 .09
3 .06
4 .09
5 .06
4 .09
5 .06
5 .24
2 .075
4 .075
2 .075
5 .075
2 .075
4 .075
2 .075
5 .075
2 .075
4 .075
2 .075
5 .075
2 .075
4 .075
2 .075
5 .075
4 .075
2 .075
5 .075
2 .075
4 .075
2 .075
5 .075
2 .075
4 .075
2 .075
5 .075
2 .075
4 .075
2 .075
5 .075
2 .075
4 .075
2 .075
5 .075
2 .075
4 .075
2 .075
5 .075
2 .075
4 .075
2 .075
5 .075
2 .075
4 .075
2 .075
5 .075
2 .075
4 .075
2 .075
5 .075
2 .075
4 .075
2 .075
5 .075
2 .075
4 .075
2 .075
5 .075
2 .075
4 .075
2 .075
5 .075
2 .075
4 .075
2 .075
5 .075
2 .075
4 .075
2 .075
5 .075
2 .075
4 .075
2 .075
5 .075
2 .075
4 .075
2 .075
5 .075
2 .075
4 .075
2 .075
5 .075
2 .075
4 .075
2 .075
5 .075
2 .075
4 .075
2 .075
5 .075
2 .075
4 .075
2 .075
5 .075
4 .15
3 .15
2 .15
4 .15
3 .15
2 .15
1 .15
4 .15
5 .06
5 .54
4 .075
3 .075
2 .075
1 .075
2 .075
3 .075
4 .075
4 .075
3 .1
2 .1
1 .1
2 .1
3 .1
1 .1
3 .225
4 .15
4 .225
5 .06