1 4.4
5 0.20000000000000018
4 0.20000000000000018
5 0.20000000000000018
1 0.20000000000000018
5 0.20000000000000018
3 0.20000000000000018
5 0.20000000000000018
1 0.20000000000000018
4 0.20000000000000018
3 0.20000000000000018
4 0.20000000000000018
1 0.20000000000000018
4 0.20000000000000018
2 0.20000000000000018
4 0.20000000000000018
1 0.20000000000000018
3 0.1999999999999993
5 0.1999999999999993
3 0.1999999999999993
1 0.1999999999999993
3 0.1999999999999993
4 0.1999999999999993
3 0.1999999999999993
3 0.1999999999999993
2 0.1999999999999993
2 0.1999999999999993
1 1.0
5 0.40000000000000036
4 0.1999999999999993
5 0.1999999999999993
1 0.1999999999999993
5 0.1999999999999993
3 0.1999999999999993
5 0.1999999999999993
1 0.1999999999999993
4 0.1999999999999993
3 0.1999999999999993
4 0.1999999999999993
1 0.1999999999999993
4 0.1999999999999993
2 0.1999999999999993
4 0.1999999999999993
1 0.1999999999999993
3 0.1999999999999993
5 0.1999999999999993
3 0.1999999999999993
1 0.1999999999999993
3 0.1999999999999993
4 0.1999999999999993
3 0.1999999999999993
3 0.1999999999999993
2 0.1999999999999993
2 0.1999999999999993
1 1.0
1 0.1999999999999993
2 0.1999999999999993
3 0.3999999999999986
4 0.3999999999999986
3 0.3999999999999986
5 0.6000000000000014
4 0.3999999999999986
4 0.1999999999999993
3 0.1999999999999993
2 0.1999999999999993
1 0.1999999999999993
2 0.1999999999999993
3 0.3999999999999986
4 0.3999999999999986
3 0.3999999999999986
5 0.6000000000000014
4 0.3999999999999986
4 0.1999999999999993
3 0.1999999999999993
2 0.1999999999999993
1 0.1999999999999993
2 0.1999999999999993
3 0.3999999999999986
4 0.3999999999999986
3 0.3999999999999986
5 0.6000000000000014
4 0.1999999999999993
3 0.1999999999999993
4 0.1999999999999993
3 0.1999999999999993
2 0.1999999999999993
1 0.1999999999999993
2 0.1999999999999993
2 0.3999999999999986
3 0.0
1 0.8000000000000007
3 0.0
3 2.1999999999999993
5 0.0
3 0.8000000000000007
5 0.0
3 0.7999999999999972
5 0.0
5 0.20000000000000284
4 0.20000000000000284
3 0.20000000000000284
4 0.20000000000000284
5 0.20000000000000284
3 0.7000000000000028
4 0.0
3 0.3999999999999986
4 0.0
3 0.20000000000000284
4 0.0
3 0.3999999999999986
4 0.0
2 0.20000000000000284
4 0.0
2 0.3999999999999986
4 0.0
2 0.20000000000000284
4 0.0
2 0.20000000000000284
4 0.0
2 0.20000000000000284
4 0.0
3 0.20000000000000284
4 0.20000000000000284
5 0.20000000000000284
5 0.20000000000000284
3 0.20000000000000284
4 0.0
3 0.3999999999999986
4 0.0
3 0.20000000000000284
4 0.0
3 0.3999999999999986
4 0.0
2 0.20000000000000284
4 0.0
2 0.7999999999999972
4 0.0
2 0.20000000000000284
4 0.0
3 0.20000000000000284
4 0.20000000000000284
5 0.20000000000000284
5 0.20000000000000284
2 0.20000000000000284
4 0.0
2 0.3999999999999986
3 0.0
1 0.20000000000000284
1 0.20000000000000284
1 0.20000000000000284
3 0.0
3 0.3999999999999986
4 0.20000000000000284
3 0.20000000000000284
2 0.20000000000000284
3 0.20000000000000284
3 0.20000000000000284
2 0.20000000000000284
2 0.20000000000000284
4 0.20000000000000284
5 0.20000000000000284
3 0.7999999999999972
5 0.0
3 0.6000000000000014
5 0.0
5 0.20000000000000284
4 0.20000000000000284
3 0.20000000000000284
3 0.20000000000000284
4 0.20000000000000284
5 0.20000000000000284
3 0.20000000000000284
3 0.20000000000000284
3 0.3999999999999986
4 0.0
2 0.20000000000000284
2 0.20000000000000284
2 0.20000000000000284
4 0.0
2 0.3999999999999986
4 0.0
2 0.20000000000000284
4 0.0
2 0.20000000000000284
4 0.0
2 0.20000000000000284
4 0.0
3 0.20000000000000284
4 0.20000000000000284
5 0.20000000000000284
5 0.20000000000000284
3 0.6000000000000014
4 0.0
3 0.3999999999999986
4 0.0
3 0.20000000000000284
4 0.0
3 0.3999999999999986
4 0.0
2 0.20000000000000284
4 0.0
2 0.7999999999999972
4 0.0
2 0.20000000000000284
4 0.0
3 0.20000000000000284
4 0.20000000000000284
5 0.20000000000000284
5 0.20000000000000284
2 0.20000000000000284
4 0.0
2 0.3999999999999986
4 0.0
1 0.3999999999999986
1 0.20000000000000284
1 0.20000000000000284
3 0.0
3 0.7999999999999972
4 0.20000000000000284
2 0.20000000000000284
4 0.20000000000000284
3 0.20000000000000284
2 0.20000000000000284
3 0.3999999999999986
4 0.0
5 0.6000000000000014
5 0.20000000000000284
2 0.3999999999999986
4 0.0
2 0.7999999999999972
4 0.0
2 0.20000000000000284
4 0.0
2 0.20000000000000284
3 0.20000000000000284
4 0.20000000000000284
4 0.20000000000000284
2 0.20000000000000284
3 0.0
2 0.3999999999999986
3 0.0
2 0.20000000000000284
3 0.0
2 0.20000000000000284
3 0.0
1 0.20000000000000284
1 0.20000000000000284
3 0.0
1 0.3999999999999986
3 0.20000000000000284
4 0.10000000000000142
3 0.10000000000000142
2 0.20000000000000284
4 0.20000000000000284
3 0.20000000000000284
2 0.20000000000000284
1 0.20000000000000284
3 0.20000000000000284
4 0.0
3 0.7000000000000028
5 0.0
2 0.6000000000000014
4 0.0
2 0.4000000000000057
4 0.0
2 0.20000000000000284
4 0.0
2 0.20000000000000284
4 0.0
2 0.20000000000000284
4 0.0
2 0.20000000000000284
3 0.20000000000000284
4 0.20000000000000284
4 0.20000000000000284
2 0.20000000000000284
3 0.4000000000000057
4 0.4000000000000057
3 0.4000000000000057
5 0.5999999999999943
4 0.20000000000000284
3 0.20000000000000284
4 0.20000000000000284
3 0.20000000000000284
2 0.20000000000000284
1 0.20000000000000284
3 0.20000000000000284
4 0.0
3 0.7000000000000028
4 0.0
3 0.20000000000000284
2 0.4000000000000057
4 0.0
2 0.5999999999999943
4 0.0
2 0.20000000000000284
4 0.0
2 0.20000000000000284
4 0.0
2 0.20000000000000284
3 0.20000000000000284
4 0.20000000000000284
4 0.20000000000000284
2 0.20000000000000284
3 0.4000000000000057
4 0.4000000000000057
3 0.4000000000000057
1 1.9000000000000057
5 0.20000000000000284
4 0.20000000000000284
5 0.20000000000000284
1 0.20000000000000284
5 0.20000000000000284
3 0.20000000000000284
5 0.20000000000000284
1 0.20000000000000284
4 0.20000000000000284
3 0.20000000000000284
4 0.20000000000000284
1 0.20000000000000284
4 0.20000000000000284
2 0.20000000000000284
4 0.20000000000000284
1 0.20000000000000284
3 0.20000000000000284
5 0.20000000000000284
3 0.20000000000000284
1 0.20000000000000284
3 0.20000000000000284
4 0.20000000000000284
3 0.20000000000000284
3 0.20000000000000284
2 0.20000000000000284
2 0.20000000000000284
1 1.0999999999999943
5 0.4000000000000057
4 0.20000000000000284
5 0.20000000000000284
1 0.20000000000000284
5 0.20000000000000284
3 0.20000000000000284
5 0.20000000000000284
1 0.20000000000000284
4 0.20000000000000284
3 0.20000000000000284
4 0.20000000000000284
1 0.20000000000000284
4 0.20000000000000284
2 0.20000000000000284
4 0.20000000000000284
1 0.20000000000000284
3 0.20000000000000284
5 0.20000000000000284
3 0.20000000000000284
1 0.20000000000000284
3 0.20000000000000284
4 0.20000000000000284
3 0.20000000000000284
3 0.20000000000000284
2 0.20000000000000284
2 0.20000000000000284
3 1.2999999999999972
5 0.0
3 0.7999999999999972
5 0.0
3 0.20000000000000284
3 0.20000000000000284
3 0.20000000000000284
5 0.0
5 0.20000000000000284
4 0.20000000000000284
3 0.20000000000000284
2 0.20000000000000284
4 0.20000000000000284
5 0.20000000000000284
2 0.20000000000000284
2 0.20000000000000284
2 0.20000000000000284
3 0.20000000000000284
3 0.4000000000000057
4 0.0
3 0.20000000000000284
4 0.0
3 0.20000000000000284
4 0.0
2 0.20000000000000284
4 0.0
2 0.4000000000000057
4 0.0
2 0.20000000000000284
4 0.0
2 0.20000000000000284
4 0.0
2 0.20000000000000284
4 0.0
3 0.20000000000000284
4 0.20000000000000284
5 0.20000000000000284
5 0.20000000000000284
3 0.20000000000000284
4 0.0
3 0.7000000000000028
4 0.0
3 0.20000000000000284
3 0.20000000000000284
4 0.0
2 0.20000000000000284
4 0.0
2 0.20000000000000284
4 0.0
2 0.20000000000000284
4 0.0
2 0.20000000000000284
4 0.0
2 0.20000000000000284
4 0.0
2 0.20000000000000284
4 0.0
2 0.20000000000000284
4 0.0
2 0.20000000000000284
4 0.0
2 0.20000000000000284
4 0.0
2 0.20000000000000284
4 0.0
2 0.20000000000000284
2 0.20000000000000284
3 0.0
1 0.20000000000000284
1 0.20000000000000284
1 0.20000000000000284
3 0.0
1 0.20000000000000284
3 0.0
1 0.20000000000000284
3 0.0
4 0.20000000000000284
5 0.09999999999999432
4 0.09999999999999432
3 0.20000000000000284
4 0.20000000000000284
3 0.20000000000000284
2 0.20000000000000284
1 0.20000000000000284
4 0.20000000000000284
5 0.20000000000000284
3 0.4000000000000057
5 0.0
3 0.20000000000000284
3 0.20000000000000284
4 0.20000000000000284
5 0.20000000000000284
5 0.4000000000000057
4 0.20000000000000284
3 0.20000000000000284
4 0.20000000000000284
5 0.20000000000000284
3 0.20000000000000284
3 0.20000000000000284
3 0.20000000000000284
4 0.0
3 0.5
4 0.0
3 0.20000000000000284
4 0.0
2 0.20000000000000284
2 0.20000000000000284
2 0.20000000000000284
4 0.0
2 0.4000000000000057
4 0.0
2 0.20000000000000284
4 0.0
2 0.20000000000000284
4 0.0
2 0.20000000000000284
4 0.0
3 0.20000000000000284
4 0.20000000000000284
5 0.20000000000000284
5 0.20000000000000284
3 0.20000000000000284
4 0.0
3 0.4000000000000057
4 0.0
3 0.20000000000000284
4 0.0
2 0.20000000000000284
2 0.20000000000000284
2 0.20000000000000284
4 0.0
2 0.4000000000000057
4 0.0
2 0.20000000000000284
4 0.0
2 0.20000000000000284
4 0.0
2 0.20000000000000284
4 0.0
3 0.20000000000000284
4 0.20000000000000284
5 0.20000000000000284
5 0.20000000000000284
2 0.20000000000000284
5 0.0
2 0.4000000000000057
3 0.0
1 0.4000000000000057
1 0.20000000000000284
1 0.20000000000000284
3 0.0
3 0.7000000000000028
4 0.20000000000000284
2 0.20000000000000284
4 0.20000000000000284
3 0.20000000000000284
2 0.20000000000000284
4 0.4000000000000057
5 0.0
5 0.5999999999999943
5 0.20000000000000284
2 0.4000000000000057
4 0.0
2 0.7000000000000028
4 0.0
2 0.4000000000000057
2 0.20000000000000284
4 0.0
2 0.20000000000000284
4 0.0
4 0.20000000000000284
4 0.20000000000000284
2 0.20000000000000284
3 0.0
2 0.4000000000000057
3 0.0
2 0.20000000000000284
3 0.0
1 0.20000000000000284
1 0.20000000000000284
1 0.20000000000000284
3 0.0
1 0.4000000000000057
3 0.20000000000000284
2 0.4000000000000057
3 0.20000000000000284
4 0.20000000000000284
3 0.20000000000000284
3 0.20000000000000284
3 0.20000000000000284
4 0.0
3 0.5999999999999943
4 0.0
3 0.20000000000000284
2 0.4000000000000057
4 0.0
2 0.5999999999999943
4 0.0
2 0.20000000000000284
4 0.0
2 0.20000000000000284
2 0.20000000000000284
4 0.0
2 0.20000000000000284
4 0.0
2 0.20000000000000284
4 0.0
2 0.4000000000000057
3 0.4000000000000057
4 0.4000000000000057
3 0.4000000000000057
5 0.5999999999999943
4 0.20000000000000284
3 0.20000000000000284
4 0.20000000000000284
3 0.20000000000000284
2 0.20000000000000284
1 0.20000000000000284
3 0.20000000000000284
4 0.0
3 0.5999999999999943
4 0.0
3 0.19999999999998863
2 0.4000000000000057
4 0.0
1 1.9000000000000057
2 0.4000000000000057
3 0.4000000000000057
4 0.4000000000000057
3 0.4000000000000057
1 2.0
5 0.19999999999998863
4 0.19999999999998863
5 0.19999999999998863
1 0.19999999999998863
5 0.19999999999998863
3 0.19999999999998863
5 0.19999999999998863
1 0.19999999999998863
4 0.19999999999998863
3 0.19999999999998863
4 0.19999999999998863
1 0.19999999999998863
4 0.19999999999998863
2 0.19999999999998863
4 0.19999999999998863
1 0.19999999999998863
3 0.19999999999998863
5 0.19999999999998863
3 0.19999999999998863
1 0.19999999999998863
3 0.19999999999998863
4 0.19999999999998863
3 0.19999999999998863
3 0.19999999999998863
2 0.19999999999998863
2 0.19999999999998863
1 1.1999999999999886
5 0.4000000000000057
4 0.19999999999998863
5 0.19999999999998863
1 0.19999999999998863
5 0.19999999999998863
3 0.19999999999998863
5 0.19999999999998863
1 0.19999999999998863
4 0.19999999999998863
3 0.19999999999998863
4 0.19999999999998863
1 0.19999999999998863
4 0.19999999999998863
2 0.19999999999998863
4 0.19999999999998863
1 0.19999999999998863
3 0.19999999999998863
5 0.19999999999998863
3 0.19999999999998863
1 0.19999999999998863
3 0.19999999999998863
4 0.19999999999998863
3 0.19999999999998863
3 0.19999999999998863
4 0.19999999999998863
1 0.9000000000000057
1 0.19999999999998863
3 0.19999999999998863
2 0.19999999999998863
2 0.19999999999998863
3 0.19999999999998863
3 0.5999999999999943
2 0.19999999999998863
2 0.19999999999998863
3 0.19999999999998863
2 0.5999999999999943
3 0.4000000000000057
4 0.4000000000000057
4 0.19999999999998863
4 0.19999999999998863
5 0.19999999999998863
4 0.19999999999998863
2 0.19999999999998863
1 1.1999999999999886
2 0.09999999999999432
3 0.09999999999999432
2 0.09999999999999432
3 0.09999999999999432
4 0.09999999999999432
5 0.09999999999999432
4 1.0
3 0.09999999999999432
2 0.19999999999998863
5 0.09999999999999432
1 1.8000000000000114
1 0.19999999999998863
2 0.19999999999998863
5 0.0
4 0.4000000000000057
2 0.19999999999998863
2 0.19999999999998863
4 0.0
1 0.19999999999998863
3 0.0
1 0.19999999999998863
3 0.0
2 0.19999999999998863
4 0.0
2 1.9000000000000057
3 0.19999999999998863
4 0.19999999999998863
2 0.4000000000000057
1 0.19999999999998863
2 0.19999999999998863
3 0.19999999999998863
4 0.19999999999998863
5 0.19999999999998863
3 0.19999999999998863
4 0.09999999999999432
3 0.09999999999999432
2 0.09999999999999432
3 0.9000000000000057
4 0.19999999999998863
3 0.09999999999999432
2 0.09999999999999432
1 0.19999999999998863
2 0.19999999999998863
3 0.19999999999998863
4 0.19999999999998863
3 0.19999999999998863
2 0.19999999999998863
4 1.1999999999999886
5 0.4000000000000057
4 0.19999999999998863
5 0.4000000000000057
4 0.19999999999998863
5 0.4000000000000057
4 0.19999999999998863
3 0.19999999999998863
2 0.19999999999998863
5 0.19999999999998863
1 0.8000000000000114
5 0.19999999999998863
4 0.19999999999998863
3 0.19999999999998863
2 0.19999999999998863
3 0.19999999999998863
2 0.19999999999998863
1 0.19999999999998863
3 0.0
3 1.5999999999999943
3 0.19999999999998863
3 0.19999999999998863
4 0.0
2 1.1999999999999886
4 0.0
2 1.5999999999999943
2 0.19999999999998863
2 0.19999999999998863
3 0.0
3 1.1999999999999886
5 0.0
1 1.5999999999999943
2 0.19999999999998863
3 0.19999999999998863
4 0.0
2 1.1999999999999886
4 0.0
2 2.0
3 0.4000000000000057
4 0.4000000000000057
3 0.4000000000000057
3 0.5999999999999943
5 0.0
3 0.19999999999998863
5 0.0
3 0.19999999999998863
5 0.0
3 0.19999999999998863
5 0.0
3 0.19999999999998863
5 0.0
3 0.19999999999998863
3 0.19999999999998863
3 0.19999999999998863
3 0.19999999999998863
3 0.19999999999998863
4 0.5999999999999943
3 0.4000000000000057
5 0.0
3 0.8000000000000114
3 0.19999999999998863
3 0.19999999999998863
5 0.0
1 1.5999999999999943
2 0.19999999999998863
3 0.19999999999998863
4 0.0
2 0.8000000000000114
2 0.19999999999998863
2 0.19999999999998863
4 0.0
1 1.5999999999999943
2 0.19999999999998863
3 0.19999999999998863
4 0.0
2 0.8000000000000114
2 0.19999999999998863
2 0.19999999999998863
4 0.0
2 1.5999999999999943
2 0.19999999999998863
2 0.19999999999998863
4 0.0
2 0.4000000000000057
3 0.0
1 0.8000000000000114
3 0.0
3 1.5999999999999943
3 0.19999999999998863
3 0.19999999999998863
5 0.0
3 0.8000000000000114
3 0.19999999999998863
3 0.19999999999998863
5 0.0
1 1.5999999999999943
2 0.19999999999998863
3 0.19999999999998863
4 0.0
2 0.8000000000000114
2 0.19999999999998863
2 0.19999999999998863
4 0.0
1 1.5999999999999943
2 0.19999999999998863
3 0.19999999999998863
4 0.0
2 0.8000000000000114
2 0.19999999999998863
2 0.19999999999998863
4 0.0
2 1.5999999999999943
2 0.19999999999998863
2 0.19999999999998863
4 0.0
2 0.4000000000000057
3 0.0
4 0.4000000000000057
4 0.19999999999998863
3 0.19999999999998863
4 0.19999999999998863
4 0.19999999999998863
4 0.19999999999998863
5 0.19999999999998863
4 0.4000000000000057
3 0.09999999999999432
2 0.09999999999999432
3 0.09999999999999432
4 0.09999999999999432
2 0.09999999999999432
3 0.09999999999999432
2 2.8000000000000114
2 0.19999999999998863
2 0.19999999999998863
3 0.0
3 0.8000000000000114
3 0.19999999999998863
3 0.19999999999998863
5 0.0
1 1.5999999999999943
2 0.19999999999998863
3 0.19999999999998863
4 0.0
2 0.8000000000000114
2 0.19999999999998863
2 0.19999999999998863
4 0.0
1 1.4000000000000057
1 0.19999999999998863
2 0.4000000000000057
3 0.4000000000000057
4 0.4000000000000057
3 0.4000000000000057
2 1.8000000000000114
4 0.19999999999998863
5 0.4000000000000057
4 0.19999999999998863
5 0.19999999999998863
1 0.19999999999998863
5 0.19999999999998863
3 0.19999999999998863
5 0.19999999999998863
1 0.19999999999998863
4 0.19999999999998863
3 0.19999999999998863
4 0.19999999999998863
1 0.19999999999998863
4 0.19999999999998863
2 0.19999999999998863
4 0.19999999999998863
1 0.19999999999998863
3 0.19999999999998863
5 0.19999999999998863
3 0.19999999999998863
1 0.19999999999998863
3 0.19999999999998863
4 0.19999999999998863
3 0.19999999999998863
4 1.5999999999999943
5 0.4000000000000057
4 0.19999999999998863
5 0.19999999999998863
1 0.19999999999998863
5 0.19999999999998863
3 0.19999999999998863
5 0.19999999999998863
1 0.19999999999998863
4 0.19999999999998863
3 0.19999999999998863
4 0.19999999999998863
1 0.19999999999998863
4 0.19999999999998863
2 0.19999999999998863
4 0.19999999999998863
1 0.30000000000001137
3 0.30000000000001137
5 0.30000000000001137
3 0.30000000000001137
1 0.30000000000001137
3 0.30000000000001137
4 0.30000000000001137
3 0.30000000000001137
4 0.497500000001196
1 0.4024999999988097
3 0.0
4 0.0